Iter | Sampling Pol | Evaluation Pol | Best (Sampled) 
   0 -6.98 -3.22 -100000000.00 
   1 -5.99 -3.31 -6.98 
   2 -7.37 -3.24 -5.99 
   3 -5.36 -3.12 -5.99 
   4 -7.27 -3.80 -5.36 
   5 -8.30 -3.30 -5.36 
   6 -7.28 -3.65 -5.36 
   7 -6.82 -4.31 -5.36 
   8 -7.60 -5.05 -5.36 
   9 -7.19 -4.49 -5.36 
  10 -8.36 -4.64 -5.36 
  11 -5.66 -5.08 -5.36 
  12 -6.87 -4.40 -5.36 
  13 -7.27 -3.81 -5.36 
  14 -7.87 -5.15 -5.36 
  15 -7.70 -3.51 -5.36 
  16 -6.97 -2.72 -5.36 
  17 -8.15 -2.75 -5.36 
  18 -8.51 -2.48 -5.36 
  19 -4.98 -0.07 -5.36 
  20 -7.56 -2.39 -4.98 
  21 -6.47 -1.66 -4.98 
  22 -8.26 -2.13 -4.98 
  23 -7.29 -2.26 -4.98 
  24 -8.17 -2.34 -4.98 
  25 -5.51 -2.61 -4.98 
  26 -5.59 -2.61 -4.98 
  27 -5.54 -2.58 -4.98 
  28 -6.83 -2.60 -4.98 
  29 -6.68 -2.69 -4.98 
  30 -5.73  3.18 -4.98 
  31 -4.49  2.70 -4.98 
  32 -5.77 -2.74 -4.49 
  33 -7.69 -3.18 -4.49 
  34 -6.37 -3.15 -4.49 
  35 -4.51 -3.31 -4.49 
  36 -4.67 -0.42 -4.49 
  37 -6.97 -3.10 -4.49 
  38 -7.05 -3.09 -4.49 
  39 -5.82 -2.29 -4.49 
  40 -7.78 -2.71 -4.49 
  41 -5.79 -2.16 -4.49 
  42 -6.46 -1.81 -4.49 
  43 -6.60 -2.14 -4.49 
  44 -6.51 -2.46 -4.49 
  45 -6.76 -3.12 -4.49 
  46 -8.00 -3.01 -4.49 
  47 -5.78 -2.58 -4.49 
  48 -6.98 -2.60 -4.49 
  49 -6.80 -2.38 -4.49 
  50 -6.56  1.45 -4.49 
  51 -4.05 -0.83 -4.49 
  52 -6.06 -0.49 -4.05 
  53 -5.87 -2.38 -4.05 
  54 -5.06 -0.86 -4.05 
  55 -5.99  2.80 -4.05 
  56 -4.28  6.76 -4.05 
  57 -5.20 -1.18 -4.05 
  58 -7.85 -1.32 -4.05 
  59 -6.74 -1.28 -4.05 
  60 -4.63 -1.32 -4.05 
  61 -5.26 -2.16 -4.05 
  62 -5.86 -1.74 -4.05 
  63 -5.57 -4.06 -4.05 
  64 -6.83 -2.16 -4.05 
  65 -4.91 -4.69 -4.05 
  66 -6.24 -6.40 -4.05 
  67 -7.06 -5.89 -4.05 
  68 -5.82 -4.44 -4.05 
  69 -5.84  0.07 -4.05 
  70 -4.45  4.06 -4.05 
  71 -5.70 -0.93 -4.05 
  72 -3.46 -2.80 -4.05 
  73 -3.12 -3.38 -3.46 
  74 -5.77 -2.71 -3.12 
  75 -7.38 -4.46 -3.12 
  76 -4.29 -3.47 -3.12 
  77 -5.07 -2.71 -3.12 
  78 -5.46 -2.48 -3.12 
  79 -3.57 -1.83 -3.12 
  80 -5.20 -2.09 -3.12 
  81 -6.03 -2.87 -3.12 
  82 -4.87 -1.60 -3.12 
  83 -6.24 -1.47 -3.12 
  84 -6.98 -1.90 -3.12 
  85 -4.37 -1.75 -3.12 
  86 -5.74 -2.32 -3.12 
  87 -7.31 -2.17 -3.12 
  88 -4.64 -2.05 -3.12 
  89 -2.90 -2.16 -3.12 
  90 -4.71 -1.19 -2.90 
  91 -4.88  0.32 -2.90 
  92 -3.97 -0.67 -2.90 
  93 -3.27 -1.46 -2.90 
  94 -3.47 -0.91 -2.90 
  95 -5.60 -0.23 -2.90 
  96 -5.18  1.61 -2.90 
  97 -6.39 -0.81 -2.90 
  98 -5.22 -0.65 -2.90 
  99 -5.89  0.74 -2.90 
 100 -3.93 -0.86 -2.90 
 101 -3.39  0.03 -2.90 
 102 -5.82 -1.59 -2.90 
 103 -3.92  2.11 -2.90 
 104 -4.32 -0.78 -2.90 
 105 -4.23 -1.12 -2.90 
 106 -3.26 -0.62 -2.90 
 107 -6.29 -0.23 -2.90 
 108 -3.86 -0.96 -2.90 
 109 -3.75  0.73 -2.90 
 110 -1.59 -0.74 -2.90 
 111 -1.45  0.46 -1.59 
 112 -3.34 -1.49 -1.45 
 113 -3.06 -0.71 -1.45 
 114 -3.87 -0.83 -1.45 
 115 -2.85 -1.70 -1.45 
 116 -3.43 -1.87 -1.45 
 117 -3.21 -1.27 -1.45 
 118 -4.86 -0.25 -1.45 
 119 -3.28 -0.91 -1.45 
 120 -4.03 -1.32 -1.45 
 121 -3.08 -1.86 -1.45 
 122 -0.35 -1.86 -1.45 
 123 -4.05 -2.04 -0.35 
 124 -2.01 -1.08 -0.35 
 125 -2.87 -2.18 -0.35 
 126 -3.11 -2.36 -0.35 
 127 -3.90 -1.95 -0.35 
 128 -2.08 -1.64 -0.35 
 129 -4.46  0.64 -0.35 
 130 -3.85  0.03 -0.35 
 131 -2.62 -1.58 -0.35 
 132 -2.15 -1.83 -0.35 
 133 -1.03 -1.77 -0.35 
 134 -4.75 -1.59 -0.35 
 135 -3.65 -1.37 -0.35 
 136 -2.96 -1.88 -0.35 
 137 -4.24  0.73 -0.35 
 138 -1.66 -1.03 -0.35 
 139 -5.49 -1.20 -0.35 
 140 -4.98 -0.89 -0.35 
 141 -6.09 -0.80 -0.35 
 142 -4.15 -1.19 -0.35 
 143 -3.07  0.09 -0.35 
 144 -4.36 -0.36 -0.35 
 145 -4.63 -0.70 -0.35 
 146 -7.20 -0.92 -0.35 
 147 -6.46 -0.95 -0.35 
 148 -4.07 -1.14 -0.35 
 149 -4.69 -1.49 -0.35 
 150 -2.57 -2.02 -0.35 
 151 -2.84 -1.94 -0.35 
 152 -4.33 -2.03 -0.35 
 153 -1.87 -2.09 -0.35 
 154 -4.24 -1.88 -0.35 
 155 -3.20 -2.03 -0.35 
 156 -3.30 -2.07 -0.35 
 157 -2.20 -2.02 -0.35 
 158 -2.69 -1.79 -0.35 
 159 -2.70 -2.19 -0.35 
 160 -1.43 -2.39 -0.35 
 161 -2.45 -2.26 -0.35 
 162 -2.75 -1.47 -0.35 
 163 -2.97 -1.76 -0.35 
 164 -2.98 -1.35 -0.35 
 165 -3.75 -0.96 -0.35 
 166 -3.74 -0.82 -0.35 
 167 -4.43 -1.95 -0.35 
 168 -3.03 -1.84 -0.35 
 169 -4.00 -1.95 -0.35 
 170 -4.53 -2.11 -0.35 
 171 -4.91 -1.27 -0.35 
 172 -3.49 -1.49 -0.35 
 173 -4.89 -1.62 -0.35 
 174 -4.18 -1.77 -0.35 
 175 -2.99 -1.24 -0.35 
 176 -3.66 -1.84 -0.35 
 177 -1.40 -1.94 -0.35 
 178 -2.23 -1.71 -0.35 
 179 -2.23 -1.68 -0.35 
 180 -3.89 -1.33 -0.35 
 181 -2.56 -0.84 -0.35 
 182 -3.15 -1.17 -0.35 
 183 -1.23 -1.85 -0.35 
 184 -2.40 -1.91 -0.35 
 185 -2.30 -1.07 -0.35 
 186 -3.43 -1.06 -0.35 
 187 -3.78 -0.27 -0.35 
 188 -3.59  0.75 -0.35 
 189 -3.01 -1.28 -0.35 
 190 -3.64 -0.96 -0.35 
 191  0.54 -0.09 -0.35 
 192 -2.58 -1.71  0.54 
 193 -2.58 -1.26  0.54 
 194 -4.51 -1.79  0.54 
 195 -3.64 -1.73  0.54 
 196 -3.85 -0.86  0.54 
 197 -3.25 -2.23  0.54 
 198 -2.45 -2.16  0.54 
 199 -3.26 -1.54  0.54 
 200 -0.28 -2.10  0.54 
 201 -1.68 -2.01  0.54 
 202 -3.72 -2.27  0.54 
 203 -4.08 -2.43  0.54 
 204 -2.39 -2.53  0.54 
 205 -2.04 -2.66  0.54 
 206 -3.42 -2.43  0.54 
 207 -0.95 -1.28  0.54 
 208 -4.14 -1.98  0.54 
 209 -3.87 -2.12  0.54 
 210 -3.84 -2.02  0.54 
 211 -3.19 -1.73  0.54 
 212 -3.99 -1.56  0.54 
 213 -3.19 -1.28  0.54 
 214 -4.23 -1.38  0.54 
 215 -1.62 -0.95  0.54 
 216 -0.60 -1.14  0.54 
 217 -1.42 -1.13  0.54 
 218  0.87 -1.55  0.54 
 219 -1.47 -1.25  0.87 
 220 -3.55 -1.43  0.87 
 221 -2.25 -0.67  0.87 
 222 -2.08 -0.69  0.87 
 223 -4.01 -1.11  0.87 
 224 -1.96 -1.20  0.87 
 225 -2.08 -1.97  0.87 
 226 -0.91 -0.75  0.87 
 227 -1.86 -0.02  0.87 
 228 -1.82 -1.47  0.87 
 229 -0.24 -1.55  0.87 
 230 -2.47 -1.18  0.87 
 231 -1.15 -1.27  0.87 
 232 -0.67 -1.24  0.87 
 233 -2.03 -1.24  0.87 
 234 -2.65 -1.01  0.87 
 235 -1.52 -1.56  0.87 
 236 -1.69  2.60  0.87 
 237 -0.86 -1.36  0.87 
 238 -3.17  1.89  0.87 
 239 -2.48 -1.35  0.87 
 240 -0.95 -1.34  0.87 
 241 -0.23 -1.45  0.87 
 242 -1.68 -1.64  0.87 
 243  1.23 -1.78  0.87 
 244 -0.93 -2.01  1.23 
 245 -1.72 -2.38  1.23 
 246 -0.01 -2.17  1.23 
 247 -0.21 -2.08  1.23 
 248 -1.92 -2.66  1.23 
 249 -0.94 -1.48  1.23 
 250 -0.55 -2.05  1.23 
 251 -3.26 -1.17  1.23 
 252 -3.63 -1.50  1.23 
 253 -0.30 -1.52  1.23 
 254  0.91 -1.17  1.23 
 255 -0.81 -1.61  1.23 
 256 -1.85 -1.61  1.23 
 257  2.50 -1.20  1.23 
 258  0.54 -1.62  2.50 
 259 -0.95 -2.08  2.50 
 260 -1.21 -1.99  2.50 
 261 -3.28 -2.27  2.50 
 262  0.10 -2.04  2.50 
 263  0.15 -2.23  2.50 
 264 -2.53 -2.44  2.50 
 265  1.00 -1.89  2.50 
 266 -2.50 -0.68  2.50 
 267  0.62 -1.92  2.50 
 268 -1.47 -0.81  2.50 
 269 -1.19 -1.39  2.50 
 270 -0.85 -1.47  2.50 
 271 -1.31 -1.10  2.50 
 272  0.00 -0.71  2.50 
 273  0.60 -1.33  2.50 
 274 -0.18 -1.44  2.50 
 275 -0.56 -1.11  2.50 
 276 -0.22  0.31  2.50 
 277  3.75 -2.00  2.50 
 278  2.04  0.29  3.75 
 279 -0.10 -1.75  3.75 
 280  2.70 -2.09  3.75 
 281  1.32 -2.14  3.75 
 282  0.70 -2.08  3.75 
 283  0.85  0.78  3.75 
 284  1.73 -3.42  3.75 
 285  0.93 -2.98  3.75 
 286  1.78 -2.48  3.75 
 287 -0.93 -2.43  3.75 
 288  1.05 -2.90  3.75 
 289 -0.54 -3.57  3.75 
 290 -1.15 -0.68  3.75 
 291  0.48 -1.52  3.75 
 292  5.22 -1.87  3.75 
 293  1.41 -2.44  5.22 
 294  0.51 -2.75  5.22 
 295  1.04 -2.21  5.22 
 296  1.27 -1.96  5.22 
 297  2.57 -1.63  5.22 
 298  2.30 -0.84  5.22 
 299  2.14 -1.23  5.22 
 300  4.31 -1.66  5.22 
 301  6.49 -2.54  5.22 
 302  3.64 -1.79  6.49 
 303  1.19 -0.64  6.49 
 304  3.53 -1.64  6.49 
 305  0.74 -1.56  6.49 
 306  1.87 -1.41  6.49 
 307  1.11 -2.02  6.49 
 308  4.26 -1.69  6.49 
 309  3.87 -1.41  6.49 
 310  2.49 -2.18  6.49 
 311  4.36 -1.37  6.49 
 312  1.28 -1.69  6.49 
 313  1.64 -1.93  6.49 
 314 -0.35 -0.89  6.49 
 315  1.50 -1.70  6.49 
 316  1.31 -1.48  6.49 
 317  0.70 -0.81  6.49 
 318  2.82 -0.33  6.49 
 319  3.79 -1.94  6.49 
 320  4.79 -0.35  6.49 
 321  5.74 -0.62  6.49 
 322  4.05  0.11  6.49 
 323  4.01 -0.06  6.49 
 324  3.63 -1.10  6.49 
 325  3.79 -1.77  6.49 
 326  3.04 -1.85  6.49 
 327  1.90 -0.18  6.49 
 328  2.66 -0.40  6.49 
 329  3.79 -1.15  6.49 
 330  3.21 -2.24  6.49 
 331  3.45 -1.73  6.49 
 332  2.57 -2.16  6.49 
 333  2.14 -3.29  6.49 
 334  6.23 -2.83  6.49 
 335  6.33 -1.91  6.49 
 336  5.02  0.47  6.49 
 337  3.28 -2.16  6.49 
 338 -0.21 -2.16  6.49 
 339  7.30 -2.59  6.49 
 340  3.54 -1.56  7.30 
 341  3.74 -2.01  7.30 
 342  6.13  0.04  7.30 
 343  6.98 -0.85  7.30 
 344  4.48 -0.14  7.30 
 345  2.20 -2.67  7.30 
 346  2.67 -1.60  7.30 
 347  4.16 -1.55  7.30 
 348  4.26 -2.36  7.30 
 349  4.20 -2.64  7.30 
 350  3.33 -1.77  7.30 
 351  5.13 -0.68  7.30 
 352  5.18 -3.27  7.30 
 353  3.63 -2.69  7.30 
 354  5.70  0.82  7.30 
 355  5.20 -1.78  7.30 
 356  4.95 -1.28  7.30 
 357  4.77 -2.19  7.30 
 358  2.60 -0.77  7.30 
 359  4.65 -0.58  7.30 
 360  4.55 -1.63  7.30 
 361  3.84 -0.21  7.30 
 362  5.07 -0.35  7.30 
 363  3.26 -0.64  7.30 
 364  3.03 -1.24  7.30 
 365  3.29  0.46  7.30 
 366  4.79  1.10  7.30 
 367  2.97 -1.25  7.30 
 368  4.69 -1.22  7.30 
 369  5.85  0.32  7.30 
 370  1.87 -1.85  7.30 
 371  5.74 -0.25  7.30 
 372  2.87 -1.48  7.30 
 373  1.71 -2.29  7.30 
 374  3.99 -1.94  7.30 
 375  4.74 -0.95  7.30 
 376  6.43  0.95  7.30 
 377  5.72 -2.49  7.30 
 378  3.32 -2.16  7.30 
 379  3.61  0.19  7.30 
 380  4.41 -0.80  7.30 
 381  8.99 -2.32  7.30 
 382  3.58 -2.16  8.99 
 383  3.10 -0.34  8.99 
 384  5.91 -0.29  8.99 
 385  6.24 -2.56  8.99 
 386  4.18 -2.32  8.99 
 387  3.19 -2.18  8.99 
 388  7.82 -0.72  8.99 
 389  7.81  0.97  8.99 
 390  4.64 -2.59  8.99 
 391  4.04 -1.05  8.99 
 392  6.50 -1.31  8.99 
 393  9.43 -1.61  8.99 
 394  5.45 -1.42  9.43 
 395  3.77 -2.77  9.43 
 396  4.39 -1.82  9.43 
 397  8.13 -1.98  9.43 
 398  6.65 -0.24  9.43 
 399  7.73  1.14  9.43 
 400  9.30  0.76  9.43 
 401  6.52 -0.04  9.43 
 402  5.51  0.04  9.43 
 403  4.62  0.87  9.43 
 404  6.57  0.55  9.43 
 405  6.06  0.75  9.43 
 406  5.90  1.24  9.43 
 407  6.67 -0.08  9.43 
 408  6.18  1.60  9.43 
 409  8.51 -1.06  9.43 
 410  8.42 -0.48  9.43 
 411  5.84  0.80  9.43 
 412  2.70  1.10  9.43 
 413  6.29  1.43  9.43 
 414  5.11  1.28  9.43 
 415  5.94 -0.60  9.43 
 416  7.76  1.42  9.43 
 417  6.04  2.09  9.43 
 418  9.90  1.16  9.43 
 419  7.71  1.32  9.90 
 420  8.69  5.41  9.90 
 421  8.60  9.07  9.90 
 422  9.00  5.34  9.90 
 423 10.61 -2.34  9.90 
 424  9.77  2.66 10.61 
 425  8.63 -1.11 10.61 
 426  9.70  1.92 10.61 
 427  8.21  3.93 10.61 
 428  9.01  3.27 10.61 
 429  8.18  5.07 10.61 
 430  7.49  1.89 10.61 
 431  6.28  2.36 10.61 
 432  8.82  0.89 10.61 
 433  5.43  1.47 10.61 
 434  8.38  1.15 10.61 
 435  7.35  3.52 10.61 
 436  7.27  2.52 10.61 
 437  2.97  1.47 10.61 
 438  6.80 -0.48 10.61 
 439  9.79  2.31 10.61 
 440  6.04  1.79 10.61 
 441  5.48  2.63 10.61 
 442  5.69  2.53 10.61 
 443  6.95  2.22 10.61 
 444  7.79  1.86 10.61 
 445  8.63  1.03 10.61 
 446  7.46  0.10 10.61 
 447  9.22  1.64 10.61 
 448 11.35  5.08 10.61 
 449 11.38  2.10 11.35 
 450 10.02  3.15 11.38 
 451 10.23  2.53 11.38 
 452 10.88  5.03 11.38 
 453 10.28  2.25 11.38 
 454  7.40 14.91 11.38 
 455  6.97  4.34 11.38 
 456 10.77  1.76 11.38 
 457  8.99  1.97 11.38 
 458  3.78  2.43 11.38 
 459 10.96  1.43 11.38 
 460  7.03  1.08 11.38 
 461 11.38  1.17 11.38 
 462  6.74  2.67 11.38 
 463  9.87  4.85 11.38 
 464 11.63  3.55 11.38 
 465 11.77  1.96 11.63 
 466  5.57  2.07 11.77 
 467 11.87  2.54 11.77 
 468  9.95  2.87 11.87 
 469  8.91  2.12 11.87 
 470  7.19  1.91 11.87 
 471  8.02  2.06 11.87 
 472 10.57  3.27 11.87 
 473  7.93  3.11 11.87 
 474 10.32  1.56 11.87 
 475 11.55  3.86 11.87 
 476  9.87  3.17 11.87 
 477  8.87  2.28 11.87 
 478 11.73  2.15 11.87 
 479 10.16  6.09 11.87 
 480 10.46  1.89 11.87 
 481 10.11  3.24 11.87 
 482  9.60  0.73 11.87 
 483  7.13  4.21 11.87 
 484 11.97  1.53 11.87 
 485  9.96  2.91 11.97 
 486  9.26  2.54 11.97 
 487  9.53  0.55 11.97 
 488  6.00  2.67 11.97 
 489 12.00  2.58 11.97 
 490  7.11 -0.68 12.00 
 491 10.49  3.10 12.00 
 492  6.12  2.24 12.00 
 493  6.95  2.49 12.00 
 494 14.79  2.20 12.00 
 495  6.82  1.39 14.79 
 496 10.06  0.93 14.79 
 497 11.10  1.74 14.79 
 498 12.80  1.02 14.79 
 499  8.57  0.53 14.79 
 500  8.73  1.16 14.79 
 501  9.21  4.58 14.79 
 502  8.29  3.72 14.79 
 503  9.99  4.10 14.79 
 504  9.99  2.41 14.79 
 505 11.58  1.78 14.79 
 506  9.33  1.69 14.79 
 507  7.64  2.87 14.79 
 508 11.12  1.40 14.79 
 509 11.06 -1.31 14.79 
 510  8.68 -0.40 14.79 
 511 12.13 -1.24 14.79 
 512  8.24 -0.34 14.79 
 513  8.61  1.44 14.79 
 514 15.11 -2.09 14.79 
 515  9.76  0.75 15.11 
 516  7.57 -1.49 15.11 
 517 10.89 -0.44 15.11 
 518 14.31  1.53 15.11 
 519 11.34  2.15 15.11 
 520 11.64  0.86 15.11 
 521 10.47  3.09 15.11 
 522 14.78  0.13 15.11 
 523  6.56  2.61 15.11 
 524  8.99  1.85 15.11 
 525  8.63 -0.46 15.11 
 526 11.07 -0.48 15.11 
 527 12.89  1.63 15.11 
 528  9.76  3.25 15.11 
 529 13.54  0.24 15.11 
 530  8.13 -0.83 15.11 
 531 12.29 -1.32 15.11 
 532 10.09  4.42 15.11 
 533 12.70  1.02 15.11 
 534 10.97  2.75 15.11 
 535 11.08  1.59 15.11 
 536 11.63  1.16 15.11 
 537 10.11  1.93 15.11 
 538 11.12  1.05 15.11 
 539  7.65 21.27 15.11 
 540  8.67  4.08 15.11 
 541 11.20  3.88 15.11 
 542 10.61  0.57 15.11 
 543 11.01  1.12 15.11 
 544 13.89  1.54 15.11 
 545  8.61  6.69 15.11 
 546 11.59  2.74 15.11 
 547 11.05  3.21 15.11 
 548 13.12  1.63 15.11 
 549 11.42  2.41 15.11 
 550  7.32  3.29 15.11 
 551 12.20  2.02 15.11 
 552 12.26  2.53 15.11 
 553 11.15  3.24 15.11 
 554 12.06  2.65 15.11 
 555  9.96  4.51 15.11 
 556 16.86  3.89 15.11 
 557 11.55  3.31 16.86 
 558  8.91  2.52 16.86 
 559 11.97  3.80 16.86 
 560 12.68  2.93 16.86 
 561 11.46  3.90 16.86 
 562 10.93  5.03 16.86 
 563 11.93  4.27 16.86 
 564 10.28  4.05 16.86 
 565  8.98  3.38 16.86 
 566 11.96  4.44 16.86 
 567 10.37  3.10 16.86 
 568 13.34  1.42 16.86 
 569 10.35  3.50 16.86 
 570 11.76  2.77 16.86 
 571 10.46  2.24 16.86 
 572  8.90  2.94 16.86 
 573 10.45  2.10 16.86 
 574 12.24  2.41 16.86 
 575 13.78  2.43 16.86 
 576 11.66  2.23 16.86 
 577 15.86  3.57 16.86 
 578 13.62  2.91 16.86 
 579 13.68  4.34 16.86 
 580 16.38  5.78 16.86 
 581 10.91  2.94 16.86 
 582 12.20  9.26 16.86 
 583 13.34  7.31 16.86 
 584 11.15  3.63 16.86 
 585 14.76 15.24 16.86 
 586 11.21  3.25 16.86 
 587 17.01  3.29 16.86 
 588 13.73  2.37 17.01 
 589 11.08  3.03 17.01 
 590 12.34  2.61 17.01 
 591 12.45  2.07 17.01 
 592  8.78  2.06 17.01 
 593 10.88 13.38 17.01 
 594 11.42  2.39 17.01 
 595 10.25  4.06 17.01 
 596 10.11  4.32 17.01 
 597 15.10  4.45 17.01 
 598 15.85  3.64 17.01 
 599 13.03  3.44 17.01 
 600 10.26  2.80 17.01 
 601 15.45  4.85 17.01 
 602 13.41  3.24 17.01 
 603 14.02  4.25 17.01 
 604  9.91  4.79 17.01 
 605 12.39  3.33 17.01 
 606 14.03  4.47 17.01 
 607 12.94  3.19 17.01 
 608 16.39 14.34 17.01 
 609 11.91  3.52 17.01 
 610 13.05  4.25 17.01 
 611 12.12  5.29 17.01 
 612 14.96  5.81 17.01 
 613 16.11  5.53 17.01 
 614 12.74  5.43 17.01 
 615 15.61  4.99 17.01 
 616 15.06  5.00 17.01 
 617 16.89  5.42 17.01 
 618 12.77  4.72 17.01 
 619 10.85  5.71 17.01 
 620 15.49  4.25 17.01 
 621 16.26  9.94 17.01 
 622 14.69  4.71 17.01 
 623 19.73 11.75 17.01 
 624 14.91  4.67 19.73 
 625 13.62  1.61 19.73 
 626 14.49  3.29 19.73 
 627 14.21  4.81 19.73 
 628 15.41  6.50 19.73 
 629 13.42  7.68 19.73 
 630 11.22  7.93 19.73 
 631 12.07  7.67 19.73 
 632 16.31  3.42 19.73 
 633 13.64  7.24 19.73 
 634 15.27  6.22 19.73 
 635 19.88  6.97 19.73 
 636 12.96  4.50 19.88 
 637 11.55  2.63 19.88 
 638 15.62  2.97 19.88 
 639  9.04  0.99 19.88 
 640 17.55  1.64 19.88 
 641 13.86  1.23 19.88 
 642 14.55  2.59 19.88 
 643 16.57  3.77 19.88 
 644 12.73  1.96 19.88 
 645 11.81  2.63 19.88 
 646 18.67  3.76 19.88 
 647 12.45  3.26 19.88 
 648 13.05  2.76 19.88 
 649 12.13  6.45 19.88 
 650 13.00  6.08 19.88 
 651 10.90  0.90 19.88 
 652 16.18  1.95 19.88 
 653 13.60  3.85 19.88 
 654 15.98  2.07 19.88 
 655 15.30  2.86 19.88 
 656 14.49  3.86 19.88 
 657 13.49  2.52 19.88 
 658 14.17  2.82 19.88 
 659 15.27  1.18 19.88 
 660 16.11  3.79 19.88 
 661 12.68  3.22 19.88 
 662 14.08  2.28 19.88 
 663 11.30  3.30 19.88 
 664 15.37  3.63 19.88 
 665 15.93  1.01 19.88 
 666 14.14  3.92 19.88 
 667 13.92  3.31 19.88 
 668 14.61  4.09 19.88 
 669 22.39  6.13 19.88 
 670 14.55  2.90 22.39 
 671 16.84  5.99 22.39 
 672 17.88  3.42 22.39 
 673 12.06  3.24 22.39 
 674 22.51  4.15 22.39 
 675 15.20  7.92 22.51 
 676 15.95  1.62 22.51 
 677 17.52  1.13 22.51 
 678 15.27  5.42 22.51 
 679 16.19  6.73 22.51 
 680 16.55  3.53 22.51 
 681 14.00  6.80 22.51 
 682 17.26  5.43 22.51 
 683 17.84  7.04 22.51 
 684 14.95  9.39 22.51 
 685 15.22  6.57 22.51 
 686 20.68  5.38 22.51 
 687 20.94  3.42 22.51 
 688 20.77  4.66 22.51 
 689 18.53  4.21 22.51 
 690 14.88  4.41 22.51 
 691 16.82  3.20 22.51 
 692 21.34  3.20 22.51 
 693 12.94  3.10 22.51 
 694 13.40  3.62 22.51 
 695 21.05  6.80 22.51 
 696 17.56  3.19 22.51 
 697 17.51  2.52 22.51 
 698 19.54 14.39 22.51 
 699 16.27  5.56 22.51 
 700 21.03 14.99 22.51 
 701 15.34  7.28 22.51 
 702 13.93  4.03 22.51 
 703 23.44  6.51 22.51 
 704 19.21  1.33 23.44 
 705 18.07  2.68 23.44 
 706 20.99  3.59 23.44 
 707 23.92  7.86 23.44 
 708 18.37  4.73 23.92 
 709 21.51  4.71 23.92 
 710 20.33  8.50 23.92 
 711 17.94  7.73 23.92 
 712 20.20  5.84 23.92 
 713 20.39 11.58 23.92 
 714 22.14  2.56 23.92 
 715 22.67  3.23 23.92 
 716 22.50  5.68 23.92 
 717 21.77  2.48 23.92 
 718 15.88  7.61 23.92 
 719 20.09  5.33 23.92 
 720 18.85  7.56 23.92 
 721 19.55  2.41 23.92 
 722 17.92  3.28 23.92 
 723 17.32  2.66 23.92 
 724 17.71  9.79 23.92 
 725 17.65  7.60 23.92 
 726 17.13  6.59 23.92 
 727 26.07 15.15 23.92 
 728 20.01 12.07 26.07 
 729 22.81  8.36 26.07 
 730 21.96 11.16 26.07 
 731 18.90 12.02 26.07 
 732 22.04  8.03 26.07 
 733 24.34  9.66 26.07 
 734 18.30  6.58 26.07 
 735 19.72  7.16 26.07 
 736 16.66  4.81 26.07 
 737 19.55  5.62 26.07 
 738 21.74  5.20 26.07 
 739 17.39  5.99 26.07 
 740 17.88  7.43 26.07 
 741 16.05 16.14 26.07 
 742 19.78  6.43 26.07 
 743 21.52  7.94 26.07 
 744 16.71 12.09 26.07 
 745 19.70 15.58 26.07 
 746 16.52 24.44 26.07 
 747 18.84 21.61 26.07 
 748 20.41 16.69 26.07 
 749 22.77 15.19 26.07 
 750 18.33 10.23 26.07 
 751 20.33 11.61 26.07 
 752 22.12 12.54 26.07 
 753 22.53  5.41 26.07 
 754 16.44  7.68 26.07 
 755 18.47  5.05 26.07 
 756 18.53 14.92 26.07 
 757 23.32  8.77 26.07 
 758 20.44  8.10 26.07 
 759 15.43  5.97 26.07 
 760 20.72  4.62 26.07 
 761 23.80  8.56 26.07 
 762 17.28  8.69 26.07 
 763 19.02  8.84 26.07 
 764 21.06  7.14 26.07 
 765 19.40  6.92 26.07 
 766 20.75  7.83 26.07 
 767 18.45 13.93 26.07 
 768 19.27 10.31 26.07 
 769 17.54  4.12 26.07 
 770 25.49 13.18 26.07 
 771 18.49 13.37 26.07 
 772 16.85  7.52 26.07 
 773 22.24  6.60 26.07 
 774 20.64 10.67 26.07 
 775 22.28  6.10 26.07 
 776 19.82  6.86 26.07 
 777 24.93  9.39 26.07 
 778 20.54  9.87 26.07 
 779 18.50  6.26 26.07 
 780 18.34  9.44 26.07 
 781 15.64 13.60 26.07 
 782 17.35 11.89 26.07 
 783 19.94  6.87 26.07 
 784 14.96 13.21 26.07 
 785 16.94 11.22 26.07 
 786 19.95  9.93 26.07 
 787 21.86  9.11 26.07 
 788 18.32  6.60 26.07 
 789 19.27  7.61 26.07 
 790 24.86  5.19 26.07 
 791 19.24  9.61 26.07 
 792 19.18  7.66 26.07 
 793 23.97  8.90 26.07 
 794 21.04  9.40 26.07 
 795 26.61  9.10 26.07 
 796 20.11  8.48 26.61 
 797 20.54  8.98 26.61 
 798 23.48 10.16 26.61 
 799 23.43  7.04 26.61 
 800 23.09  9.39 26.61 
 801 19.65 12.61 26.61 
 802 19.24  6.68 26.61 
 803 29.28  7.23 26.61 
 804 18.63 14.03 29.28 
 805 19.65  5.43 29.28 
 806 29.92 13.12 29.28 
 807 20.83  5.71 29.92 
 808 18.95  7.30 29.92 
 809 21.81 13.14 29.92 
 810 21.95 15.11 29.92 
 811 18.93 11.88 29.92 
 812 25.59 13.73 29.92 
 813 21.50  9.41 29.92 
 814 26.86 16.05 29.92 
 815 29.04 21.59 29.92 
 816 28.20  7.51 29.92 
 817 21.92 15.29 29.92 
 818 23.45 16.81 29.92 
 819 24.12 10.49 29.92 
 820 19.63 17.69 29.92 
 821 24.65 13.39 29.92 
 822 22.44 16.57 29.92 
 823 27.48 25.42 29.92 
 824 20.12 23.18 29.92 
 825 24.81 19.57 29.92 
 826 23.50 14.61 29.92 
 827 23.66 26.24 29.92 
 828 22.91 13.45 29.92 
 829 23.03 10.74 29.92 
 830 26.43  7.95 29.92 
 831 25.50 20.09 29.92 
 832 27.68 20.42 29.92 
 833 22.49 19.56 29.92 
 834 23.76 11.89 29.92 
 835 25.52  6.20 29.92 
 836 19.21 12.52 29.92 
 837 22.08  5.77 29.92 
 838 22.10 18.42 29.92 
 839 27.24 13.42 29.92 
 840 24.67  7.01 29.92 
 841 22.02  6.06 29.92 
 842 28.49 27.84 29.92 
 843 27.63 14.01 29.92 
 844 21.32 18.01 29.92 
 845 24.03  9.69 29.92 
 846 24.47  5.02 29.92 
 847 23.98  8.12 29.92 
 848 24.67  6.44 29.92 
 849 18.74  6.49 29.92 
 850 20.98  6.18 29.92 
 851 20.96  5.79 29.92 
 852 26.05 15.14 29.92 
 853 27.30  4.31 29.92 
 854 26.53 10.00 29.92 
 855 23.09 17.13 29.92 
 856 23.87 11.04 29.92 
 857 19.46 16.94 29.92 
 858 25.38  3.32 29.92 
 859 25.50  4.31 29.92 
 860 22.51  5.41 29.92 
 861 23.92  4.44 29.92 
 862 19.50  5.68 29.92 
 863 32.87  6.04 29.92 
 864 20.34  8.27 32.87 
 865 22.42  6.39 32.87 
 866 19.30 11.94 32.87 
 867 16.45 13.96 32.87 
 868 23.20  8.78 32.87 
 869 26.91 10.02 32.87 
 870 21.23 13.46 32.87 
 871 23.02 27.73 32.87 
 872 22.86 11.00 32.87 
 873 22.46  7.91 32.87 
 874 27.46  9.25 32.87 
 875 19.96  9.55 32.87 
 876 21.13 11.23 32.87 
 877 23.23 12.32 32.87 
 878 32.11 11.65 32.87 
 879 22.09  9.53 32.87 
 880 20.90 12.48 32.87 
 881 22.10 17.88 32.87 
 882 26.84 19.73 32.87 
 883 23.69 16.91 32.87 
 884 17.40  7.98 32.87 
 885 21.67 11.23 32.87 
 886 21.91 11.97 32.87 
 887 23.20 15.36 32.87 
 888 22.41  7.81 32.87 
 889 22.13 17.84 32.87 
 890 24.69  7.27 32.87 
 891 24.75  7.66 32.87 
 892 23.90 12.01 32.87 
 893 26.45 11.06 32.87 
 894 24.30 12.45 32.87 
 895 26.94 11.04 32.87 
 896 26.50 12.00 32.87 
 897 26.14 15.88 32.87 
 898 27.11 13.93 32.87 
 899 25.65  7.49 32.87 
 900 21.83  9.61 32.87 
 901 20.78  9.51 32.87 
 902 23.75 16.66 32.87 
 903 27.69 47.62 32.87 
 904 24.29  8.49 32.87 
 905 19.71 10.09 32.87 
 906 25.03 12.93 32.87 
 907 23.07  6.09 32.87 
 908 25.95  8.53 32.87 
 909 24.37  6.69 32.87 
 910 18.69  6.73 32.87 
 911 26.81  5.97 32.87 
 912 29.09  5.74 32.87 
 913 28.73  8.11 32.87 
 914 29.71  6.21 32.87 
 915 31.39  9.42 32.87 
 916 25.51  9.52 32.87 
 917 23.06  7.26 32.87 
 918 21.32  7.34 32.87 
 919 26.21  7.39 32.87 
 920 29.76  9.75 32.87 
 921 25.78 18.93 32.87 
 922 23.25 20.18 32.87 
 923 31.46 15.22 32.87 
 924 24.79  9.35 32.87 
 925 34.09  7.84 32.87 
 926 25.20 12.48 34.09 
 927 25.77 13.01 34.09 
 928 20.40 42.70 34.09 
 929 26.96 12.15 34.09 
 930 23.48 15.26 34.09 
 931 30.44 13.24 34.09 
 932 27.38 11.19 34.09 
 933 25.06 19.18 34.09 
 934 24.74 16.22 34.09 
 935 30.18 22.34 34.09 
 936 29.14 16.10 34.09 
 937 21.28 20.39 34.09 
 938 33.89 22.23 34.09 
 939 29.45 24.65 34.09 
 940 31.19 34.99 34.09 
 941 27.39 31.20 34.09 
 942 26.90 29.74 34.09 
 943 24.59 44.09 34.09 
 944 25.36 21.94 34.09 
 945 27.43 44.97 34.09 
 946 26.98 36.96 34.09 
 947 29.90 39.44 34.09 
 948 26.14 33.60 34.09 
 949 23.62 36.10 34.09 
 950 27.41 28.25 34.09 
 951 38.10 37.59 34.09 
 952 32.06 25.43 38.10 
 953 30.38 27.18 38.10 
 954 28.79 26.76 38.10 
 955 22.62 32.46 38.10 
 956 30.55 25.72 38.10 
 957 27.87 30.86 38.10 
 958 20.88 36.59 38.10 
 959 26.43 28.91 38.10 
 960 31.24 25.63 38.10 
 961 24.46 39.15 38.10 
 962 27.12 46.45 38.10 
 963 29.68 26.00 38.10 
 964 34.15 33.15 38.10 
 965 34.57 25.96 38.10 
 966 28.66 21.97 38.10 
 967 24.62 34.15 38.10 
 968 25.61 49.84 38.10 
 969 27.99 55.61 38.10 
 970 26.24 51.58 38.10 
 971 29.57 39.23 38.10 
 972 29.44 42.72 38.10 
 973 26.41 42.85 38.10 
 974 30.28 31.99 38.10 
 975 24.05 32.11 38.10 
 976 28.76 23.06 38.10 
 977 26.88 22.77 38.10 
 978 24.09 31.71 38.10 
 979 27.99 28.48 38.10 
 980 31.11 30.39 38.10 
 981 28.69 54.40 38.10 
 982 27.13 43.99 38.10 
 983 26.98 22.14 38.10 
 984 31.33 29.44 38.10 
 985 25.95 24.07 38.10 
 986 31.34 26.58 38.10 
 987 32.25 34.90 38.10 
 988 29.10 35.81 38.10 
 989 31.18 30.53 38.10 
 990 28.84 21.83 38.10 
 991 34.60 51.71 38.10 
 992 28.50 34.37 38.10 
 993 24.39 21.01 38.10 
 994 36.64 34.83 38.10 
 995 41.01 36.00 38.10 
 996 25.60 20.50 41.01 
 997 32.04 29.41 41.01 
 998 29.16 33.98 41.01 
 999 35.01 31.57 41.01 
1000 29.97 27.40 41.01 
1001 33.62 32.66 41.01 
1002 36.93 27.23 41.01 
1003 38.07 28.70 41.01 
1004 35.62 27.99 41.01 
1005 26.82 35.58 41.01 
1006 26.63 48.72 41.01 
1007 26.08 27.31 41.01 
1008 48.18 21.88 41.01 
1009 30.31 27.82 48.18 
1010 28.53 26.29 48.18 
1011 35.87 28.96 48.18 
1012 36.79 32.44 48.18 
1013 36.07 31.64 48.18 
1014 38.64 35.77 48.18 
1015 40.30 39.57 48.18 
1016 32.29 41.56 48.18 
1017 37.94 36.29 48.18 
1018 43.15 41.40 48.18 
1019 37.27 26.95 48.18 
1020 41.13 25.19 48.18 
1021 36.34 28.33 48.18 
1022 38.69 22.90 48.18 
1023 37.44 22.79 48.18 
1024 35.15 40.73 48.18 
1025 39.49 35.69 48.18 
1026 33.60 27.56 48.18 
1027 33.20 33.94 48.18 
1028 30.24 33.24 48.18 
1029 38.29 22.28 48.18 
1030 31.61 35.14 48.18 
1031 37.47 26.03 48.18 
1032 34.89 23.15 48.18 
1033 40.17 24.36 48.18 
1034 54.17 24.81 48.18 
1035 41.96 34.19 54.17 
1036 38.38 27.48 54.17 
1037 34.93 26.66 54.17 
1038 34.47 25.85 54.17 
1039 37.65 30.14 54.17 
1040 34.97 28.99 54.17 
1041 36.11 23.36 54.17 
1042 35.23 25.62 54.17 
1043 31.55 21.28 54.17 
1044 40.87 27.24 54.17 
1045 39.80 31.45 54.17 
1046 35.25 27.53 54.17 
1047 42.37 32.18 54.17 
1048 41.85 26.55 54.17 
1049 40.49 21.10 54.17 
1050 45.27 22.72 54.17 
1051 36.98 24.75 54.17 
1052 37.67 26.06 54.17 
1053 32.29 30.52 54.17 
1054 35.45 33.21 54.17 
1055 45.26 28.50 54.17 
1056 33.92 38.76 54.17 
1057 40.67 50.89 54.17 
1058 46.68 28.53 54.17 
1059 33.92 30.09 54.17 
1060 43.27 34.09 54.17 
1061 35.93 28.22 54.17 
1062 38.64 37.57 54.17 
1063 42.41 34.65 54.17 
1064 40.67 38.16 54.17 
1065 48.12 38.94 54.17 
1066 41.73 42.66 54.17 
1067 39.97 35.81 54.17 
1068 28.56 35.75 54.17 
1069 43.28 45.38 54.17 
1070 45.16 36.74 54.17 
1071 44.78 31.22 54.17 
1072 44.73 44.57 54.17 
1073 47.35 36.53 54.17 
1074 43.99 39.28 54.17 
1075 50.42 36.96 54.17 
1076 37.13 41.41 54.17 
1077 41.75 50.13 54.17 
1078 38.03 48.77 54.17 
1079 43.00 49.31 54.17 
1080 42.02 60.67 54.17 
1081 43.54 66.57 54.17 
1082 47.67 61.10 54.17 
1083 49.63 64.86 54.17 
1084 35.46 50.44 54.17 
1085 35.85 42.12 54.17 
1086 37.53 51.79 54.17 
1087 43.46 45.67 54.17 
1088 40.65 55.46 54.17 
1089 43.43 110.45 54.17 
1090 31.91 99.35 54.17 
1091 39.08 118.96 54.17 
1092 41.25 49.81 54.17 
1093 43.89 66.67 54.17 
1094 49.31 48.23 54.17 
1095 44.06 58.62 54.17 
1096 37.36 51.13 54.17 
1097 40.40 51.53 54.17 
1098 48.65 64.70 54.17 
1099 34.34 66.68 54.17 
1100 57.66 52.63 54.17 
1101 42.10 44.20 57.66 
1102 40.82 47.34 57.66 
1103 48.24 72.47 57.66 
1104 36.71 113.36 57.66 
1105 44.78 126.89 57.66 
1106 49.63 64.67 57.66 
1107 42.69 41.12 57.66 
1108 53.78 68.04 57.66 
1109 37.28 53.65 57.66 
1110 40.48 49.45 57.66 
1111 40.37 42.93 57.66 
1112 43.50 45.69 57.66 
1113 49.03 39.49 57.66 
1114 50.31 32.77 57.66 
1115 43.43 77.15 57.66 
1116 46.90 122.63 57.66 
1117 52.36 56.11 57.66 
1118 40.83 79.73 57.66 
1119 59.28 66.46 57.66 
1120 45.13 56.82 59.28 
1121 44.20 62.14 59.28 
1122 45.22 84.87 59.28 
1123 57.45 59.28 59.28 
1124 41.32 76.17 59.28 
1125 48.92 125.09 59.28 
1126 40.03 45.90 59.28 
1127 41.83 54.59 59.28 
1128 43.52 44.61 59.28 
1129 63.28 47.25 59.28 
1130 36.33 41.24 63.28 
1131 45.31 43.91 63.28 
1132 38.48 75.40 63.28 
1133 46.91 49.99 63.28 
1134 45.87 61.26 63.28 
1135 47.21 41.66 63.28 
1136 41.03 59.22 63.28 
1137 54.60 50.27 63.28 
1138 53.21 43.73 63.28 
1139 56.17 49.10 63.28 
1140 45.33 33.24 63.28 
1141 58.83 41.45 63.28 
1142 45.50 50.43 63.28 
1143 42.59 63.79 63.28 
1144 45.82 43.17 63.28 
1145 49.39 47.60 63.28 
1146 45.94 119.16 63.28 
1147 41.88 38.89 63.28 
1148 47.08 41.51 63.28 
1149 43.00 111.27 63.28 
1150 39.53 37.38 63.28 
1151 45.62 42.24 63.28 
1152 55.94 103.15 63.28 
1153 48.73 40.85 63.28 
1154 45.83 47.07 63.28 
1155 54.18 50.88 63.28 
1156 33.33 45.77 63.28 
1157 45.61 53.47 63.28 
1158 44.34 51.55 63.28 
1159 42.63 50.71 63.28 
1160 52.60 50.64 63.28 
1161 52.35 43.57 63.28 
1162 49.96 64.42 63.28 
1163 43.72 41.24 63.28 
1164 50.60 52.27 63.28 
1165 54.14 46.69 63.28 
1166 42.04 47.35 63.28 
1167 41.09 34.71 63.28 
1168 37.96 41.08 63.28 
1169 42.99 38.09 63.28 
1170 50.27 52.88 63.28 
1171 55.00 60.47 63.28 
1172 34.31 42.98 63.28 
1173 43.64 38.80 63.28 
1174 48.71 81.93 63.28 
1175 37.55 48.56 63.28 
1176 54.20 38.89 63.28 
1177 50.95 39.25 63.28 
1178 46.17 31.52 63.28 
1179 49.85 26.42 63.28 
1180 42.17 27.79 63.28 
1181 48.49 49.94 63.28 
1182 52.58 71.25 63.28 
1183 47.67 36.61 63.28 
1184 54.50 56.60 63.28 
1185 53.88 121.50 63.28 
1186 51.18 36.37 63.28 
1187 47.35 50.02 63.28 
1188 53.45 55.65 63.28 
1189 40.24 35.81 63.28 
1190 47.05 36.69 63.28 
1191 47.35 55.58 63.28 
1192 44.07 62.27 63.28 
1193 49.40 46.35 63.28 
1194 47.47 52.15 63.28 
1195 38.35 44.97 63.28 
1196 48.64 37.96 63.28 
1197 56.47 41.47 63.28 
1198 40.80 58.81 63.28 
1199 46.11 54.40 63.28 
1200 38.42 63.71 63.28 
1201 48.82 51.66 63.28 
1202 46.82 46.40 63.28 
1203 46.84 126.73 63.28 
1204 46.31 54.32 63.28 
1205 51.88 53.39 63.28 
1206 62.69 53.64 63.28 
1207 42.23 59.26 63.28 
1208 55.50 55.07 63.28 
1209 39.70 51.35 63.28 
1210 42.99 39.98 63.28 
1211 55.40 32.59 63.28 
1212 44.49 28.78 63.28 
1213 45.21 32.75 63.28 
1214 47.98 32.49 63.28 
1215 48.81 27.30 63.28 
1216 53.79 38.21 63.28 
1217 41.67 51.59 63.28 
1218 46.87 35.72 63.28 
1219 53.10 35.17 63.28 
1220 47.30 40.29 63.28 
1221 48.54 36.40 63.28 
1222 44.53 32.71 63.28 
1223 40.17 35.78 63.28 
1224 43.80 42.21 63.28 
1225 45.93 40.08 63.28 
1226 53.60 40.66 63.28 
1227 61.13 47.85 63.28 
1228 50.86 40.06 63.28 
1229 45.16 37.86 63.28 
1230 45.43 48.58 63.28 
1231 45.22 38.12 63.28 
1232 58.90 49.55 63.28 
1233 41.96 47.69 63.28 
1234 44.43 63.68 63.28 
1235 46.29 46.96 63.28 
1236 41.70 42.57 63.28 
1237 40.22 49.19 63.28 
1238 50.03 50.30 63.28 
1239 60.37 46.78 63.28 
1240 51.78 48.56 63.28 
1241 46.71 46.37 63.28 
1242 46.98 47.25 63.28 
1243 61.86 126.12 63.28 
1244 48.93 65.42 63.28 
1245 33.70 60.91 63.28 
1246 50.89 53.06 63.28 
1247 47.15 36.30 63.28 
1248 55.57 36.29 63.28 
1249 44.94 45.52 63.28 
1250 53.21 39.94 63.28 
1251 44.16 60.35 63.28 
1252 51.99 59.83 63.28 
1253 42.59 67.86 63.28 
1254 57.28 71.82 63.28 
1255 55.66 85.48 63.28 
1256 60.78 95.51 63.28 
1257 49.39 101.54 63.28 
1258 63.18 97.89 63.28 
1259 56.10 92.71 63.28 
1260 52.64 58.24 63.28 
1261 48.08 68.72 63.28 
1262 64.51 64.57 63.28 
1263 54.57 78.29 64.51 
1264 67.41 52.19 64.51 
1265 51.99 55.48 67.41 
1266 52.32 72.18 67.41 
1267 45.77 73.94 67.41 
1268 54.26 67.30 67.41 
1269 43.92 68.12 67.41 
1270 43.75 69.82 67.41 
1271 47.62 69.34 67.41 
1272 54.87 58.76 67.41 
1273 72.93 76.55 67.41 
1274 55.75 55.77 72.93 
1275 50.77 52.00 72.93 
1276 53.91 73.63 72.93 
1277 46.83 57.78 72.93 
1278 57.40 43.26 72.93 
1279 47.30 84.39 72.93 
1280 49.39 50.32 72.93 
1281 59.24 79.28 72.93 
1282 48.37 59.85 72.93 
1283 61.06 64.84 72.93 
1284 50.06 65.47 72.93 
1285 72.19 83.15 72.93 
1286 58.82 76.28 72.93 
1287 56.07 73.32 72.93 
1288 65.19 86.18 72.93 
1289 54.18 83.90 72.93 
1290 68.63 93.95 72.93 
1291 50.53 55.26 72.93 
1292 61.95 52.83 72.93 
1293 51.83 53.30 72.93 
1294 51.71 47.49 72.93 
1295 61.32 57.82 72.93 
1296 51.70 36.48 72.93 
1297 58.02 32.64 72.93 
1298 63.27 46.57 72.93 
1299 49.94 53.61 72.93 
1300 58.26 46.82 72.93 
1301 63.95 46.76 72.93 
1302 55.98 41.70 72.93 
1303 66.96 36.57 72.93 
1304 51.31 45.28 72.93 
1305 60.36 40.72 72.93 
1306 58.03 22.51 72.93 
1307 46.10 51.82 72.93 
1308 48.94 65.08 72.93 
1309 60.75 50.89 72.93 
1310 58.62 40.91 72.93 
1311 55.66 38.68 72.93 
1312 54.73 37.00 72.93 
1313 54.19 68.61 72.93 
1314 45.79 73.08 72.93 
1315 53.86 56.81 72.93 
1316 54.23 68.04 72.93 
1317 58.64 86.19 72.93 
1318 56.79 58.37 72.93 
1319 58.97 77.90 72.93 
1320 49.75 59.93 72.93 
1321 67.53 59.68 72.93 
1322 53.62 40.10 72.93 
1323 59.45 32.53 72.93 
1324 47.04 26.47 72.93 
1325 47.54 36.85 72.93 
1326 62.09 34.60 72.93 
1327 57.66 35.74 72.93 
1328 61.25 34.06 72.93 
1329 54.22 25.64 72.93 
1330 69.10 37.92 72.93 
1331 67.83 27.56 72.93 
1332 61.79 22.80 72.93 
1333 65.21 25.81 72.93 
1334 66.20 32.32 72.93 
1335 64.05 52.54 72.93 
1336 53.65 39.46 72.93 
1337 58.00 49.15 72.93 
1338 53.79 54.44 72.93 
1339 82.46 61.89 72.93 
1340 56.07 49.50 82.46 
1341 64.41 63.21 82.46 
1342 53.66 60.53 82.46 
1343 56.54 63.05 82.46 
1344 67.15 69.02 82.46 
1345 66.71 65.02 82.46 
1346 64.50 70.51 82.46 
1347 57.77 54.81 82.46 
1348 59.69 61.86 82.46 
1349 59.35 49.61 82.46 
1350 51.38 47.20 82.46 
1351 56.04 73.11 82.46 
1352 57.56 60.55 82.46 
1353 60.69 67.52 82.46 
1354 73.56 36.36 82.46 
1355 64.74 41.77 82.46 
1356 54.27 44.89 82.46 
1357 67.93 65.91 82.46 
1358 60.42 83.02 82.46 
1359 65.66 50.87 82.46 
1360 54.97 70.43 82.46 
1361 68.75 58.22 82.46 
1362 52.01 64.45 82.46 
1363 67.87 59.26 82.46 
1364 62.42 43.59 82.46 
1365 63.48 60.58 82.46 
1366 69.16 51.42 82.46 
1367 68.71 53.52 82.46 
1368 57.71 86.50 82.46 
1369 67.74 79.03 82.46 
1370 59.85 57.35 82.46 
1371 58.78 38.62 82.46 
1372 62.33 50.04 82.46 
1373 68.11 51.08 82.46 
1374 63.75 33.77 82.46 
1375 58.81 67.20 82.46 
1376 61.03 64.31 82.46 
1377 44.27 55.45 82.46 
1378 58.74 77.14 82.46 
1379 64.67 58.77 82.46 
1380 48.56 67.69 82.46 
1381 74.88 50.52 82.46 
1382 61.39 58.98 82.46 
1383 70.71 47.59 82.46 
1384 54.85 28.62 82.46 
1385 58.58 53.14 82.46 
1386 53.16 51.57 82.46 
1387 63.68 49.47 82.46 
1388 55.43 53.97 82.46 
1389 60.15 64.63 82.46 
1390 82.78 64.90 82.46 
1391 50.90 50.51 82.78 
1392 64.67 45.87 82.78 
1393 51.73 33.34 82.78 
1394 55.30 36.82 82.78 
1395 55.24 53.81 82.78 
1396 49.63 64.94 82.78 
1397 56.15 52.27 82.78 
1398 61.50 41.84 82.78 
1399 70.12 61.05 82.78 
1400 61.69 47.41 82.78 
1401 59.65 54.66 82.78 
1402 53.80 59.10 82.78 
1403 64.84 56.72 82.78 
1404 60.45 54.98 82.78 
1405 51.64 51.43 82.78 
1406 50.37 36.19 82.78 
1407 69.16 49.67 82.78 
1408 68.11 27.69 82.78 
1409 61.81 46.48 82.78 
1410 83.72 48.99 82.78 
1411 56.84 37.47 83.72 
1412 58.94 44.55 83.72 
1413 61.47 43.02 83.72 
1414 55.10 45.11 83.72 
1415 56.55 43.80 83.72 
1416 61.24 46.22 83.72 
1417 59.02 49.08 83.72 
1418 54.62 34.30 83.72 
1419 57.14 57.22 83.72 
1420 61.97 31.59 83.72 
1421 69.03 30.11 83.72 
1422 64.63 25.30 83.72 
1423 70.66 23.10 83.72 
1424 55.30 46.39 83.72 
1425 67.51 38.84 83.72 
1426 59.40 91.02 83.72 
1427 71.99 39.87 83.72 
1428 60.19 21.72 83.72 
1429 60.58 18.50 83.72 
1430 56.72 36.93 83.72 
1431 61.21 38.26 83.72 
1432 72.32 26.65 83.72 
1433 55.31 18.22 83.72 
1434 61.71 27.75 83.72 
1435 46.32 41.92 83.72 
1436 68.62 28.10 83.72 
1437 62.96 26.94 83.72 
1438 64.06 38.01 83.72 
1439 61.02 43.79 83.72 
1440 74.33 37.56 83.72 
1441 65.87 45.26 83.72 
1442 48.10 35.55 83.72 
1443 64.62 37.86 83.72 
1444 64.56 38.36 83.72 
1445 58.41 49.73 83.72 
1446 55.18 65.96 83.72 
1447 70.98 69.93 83.72 
1448 60.89 61.24 83.72 
1449 71.21 68.45 83.72 
1450 64.51 78.49 83.72 
1451 56.31 43.36 83.72 
1452 66.71 39.14 83.72 
1453 67.25 30.86 83.72 
1454 75.92 33.46 83.72 
1455 67.11 45.89 83.72 
1456 74.39 62.04 83.72 
1457 68.22 50.34 83.72 
1458 80.47 66.85 83.72 
1459 63.96 55.41 83.72 
1460 62.69 60.16 83.72 
1461 56.84 56.29 83.72 
1462 61.70 44.87 83.72 
1463 54.25 52.03 83.72 
1464 55.24 40.08 83.72 
1465 71.18 53.97 83.72 
1466 57.80 38.02 83.72 
1467 70.76 35.72 83.72 
1468 73.74 56.48 83.72 
1469 78.22 72.19 83.72 
1470 58.46 63.18 83.72 
1471 62.83 72.22 83.72 
1472 64.24 60.33 83.72 
1473 75.72 61.85 83.72 
1474 60.01 31.49 83.72 
1475 65.13 52.93 83.72 
1476 71.10 52.65 83.72 
1477 74.59 61.90 83.72 
1478 79.37 67.86 83.72 
1479 74.76 59.69 83.72 
1480 70.78 52.40 83.72 
1481 54.95 54.99 83.72 
1482 70.02 85.44 83.72 
1483 72.43 76.84 83.72 
1484 65.31 92.65 83.72 
1485 57.38 64.97 83.72 
1486 68.58 66.94 83.72 
1487 75.58 69.95 83.72 
1488 65.01 87.39 83.72 
1489 68.87 73.26 83.72 
1490 55.54 64.44 83.72 
1491 65.95 55.82 83.72 
1492 65.10 86.41 83.72 
1493 55.21 43.25 83.72 
1494 59.16 76.14 83.72 
1495 76.54 57.76 83.72 
1496 83.70 75.02 83.72 
1497 70.76 82.64 83.72 
1498 70.07 68.16 83.72 
1499 67.81 60.29 83.72 
1500 63.57 64.10 83.72 
1501 64.94 67.98 83.72 
1502 86.59 64.56 83.72 
1503 67.94 83.77 86.59 
1504 57.07 82.01 86.59 
1505 60.03 85.55 86.59 
1506 59.26 77.93 86.59 
1507 61.65 74.77 86.59 
1508 66.83 109.43 86.59 
1509 51.35 75.30 86.59 
1510 57.88 82.19 86.59 
1511 52.44 71.27 86.59 
1512 58.36 60.62 86.59 
1513 50.73 94.31 86.59 
1514 62.65 76.38 86.59 
1515 52.94 77.49 86.59 
1516 61.69 79.99 86.59 
1517 69.15 90.93 86.59 
1518 58.20 80.27 86.59 
1519 68.21 92.75 86.59 
1520 80.83 84.46 86.59 
1521 68.67 97.92 86.59 
1522 68.20 107.93 86.59 
1523 66.21 83.29 86.59 
1524 64.39 66.48 86.59 
1525 70.33 89.19 86.59 
1526 66.32 89.24 86.59 
1527 63.77 82.07 86.59 
1528 62.71 95.06 86.59 
1529 60.33 70.28 86.59 
1530 69.64 60.32 86.59 
1531 72.02 45.33 86.59 
1532 59.86 35.91 86.59 
1533 60.42 51.80 86.59 
1534 68.76 48.86 86.59 
1535 63.60 66.97 86.59 
1536 66.36 70.81 86.59 
1537 58.39 65.98 86.59 
1538 79.16 65.32 86.59 
1539 65.11 68.13 86.59 
1540 56.88 75.70 86.59 
1541 68.84 73.55 86.59 
1542 61.50 71.83 86.59 
1543 77.20 67.67 86.59 
1544 69.61 63.30 86.59 
1545 58.86 74.66 86.59 
1546 76.26 67.58 86.59 
1547 67.59 71.89 86.59 
1548 71.95 66.10 86.59 
1549 80.95 66.68 86.59 
1550 65.95 56.75 86.59 
1551 56.69 52.11 86.59 
1552 64.40 50.96 86.59 
1553 79.25 44.47 86.59 
1554 68.81 35.68 86.59 
1555 57.07 34.31 86.59 
1556 63.60 31.22 86.59 
1557 85.70 25.75 86.59 
1558 76.31 41.67 86.59 
1559 66.98 49.63 86.59 
1560 75.56 54.95 86.59 
1561 63.36 64.54 86.59 
1562 64.64 58.97 86.59 
1563 65.19 56.14 86.59 
1564 67.11 40.40 86.59 
1565 66.41 37.79 86.59 
1566 60.60 52.25 86.59 
1567 61.44 42.94 86.59 
1568 62.99 57.26 86.59 
1569 72.85 47.96 86.59 
1570 82.02 65.03 86.59 
1571 66.63 52.16 86.59 
1572 61.59 45.98 86.59 
1573 61.58 49.89 86.59 
1574 57.15 71.22 86.59 
1575 63.57 60.33 86.59 
1576 63.01 62.81 86.59 
1577 71.28 72.41 86.59 
1578 68.71 62.40 86.59 
1579 63.44 77.87 86.59 
1580 70.54 65.82 86.59 
1581 58.42 60.16 86.59 
1582 63.60 62.13 86.59 
1583 65.83 62.92 86.59 
1584 70.40 60.38 86.59 
1585 71.78 48.80 86.59 
1586 77.46 66.34 86.59 
1587 61.17 59.62 86.59 
1588 68.06 52.59 86.59 
1589 70.97 75.92 86.59 
1590 66.58 55.74 86.59 
1591 61.14 73.12 86.59 
1592 55.65 61.59 86.59 
1593 65.19 77.78 86.59 
1594 69.57 70.02 86.59 
1595 72.53 56.08 86.59 
1596 67.56 57.50 86.59 
1597 83.61 56.79 86.59 
1598 66.18 72.22 86.59 
1599 57.45 57.97 86.59 
1600 47.88 79.14 86.59 
1601 65.07 52.27 86.59 
1602 69.49 62.59 86.59 
1603 88.89 76.57 86.59 
1604 64.44 72.30 88.89 
1605 62.16 70.81 88.89 
1606 70.51 77.35 88.89 
1607 71.61 65.07 88.89 
1608 57.91 69.06 88.89 
1609 74.73 63.03 88.89 
1610 69.95 89.59 88.89 
1611 58.73 72.02 88.89 
1612 56.83 77.64 88.89 
1613 66.12 66.12 88.89 
1614 54.92 62.77 88.89 
1615 66.23 76.82 88.89 
1616 57.73 56.16 88.89 
1617 69.85 68.31 88.89 
1618 73.69 62.91 88.89 
1619 69.53 66.22 88.89 
1620 69.13 71.68 88.89 
1621 55.27 70.21 88.89 
1622 87.39 79.90 88.89 
1623 66.22 98.67 88.89 
1624 53.32 95.32 88.89 
1625 71.71 97.41 88.89 
1626 63.77 98.51 88.89 
1627 72.44 73.22 88.89 
1628 85.48 75.86 88.89 
1629 72.98 100.39 88.89 
1630 65.27 135.84 88.89 
1631 59.67 118.94 88.89 
1632 69.53 96.59 88.89 
1633 64.69 133.23 88.89 
1634 73.50 80.49 88.89 
1635 73.20 86.48 88.89 
1636 64.54 69.00 88.89 
1637 67.17 94.11 88.89 
1638 74.99 76.07 88.89 
1639 94.64 82.11 88.89 
1640 63.04 85.54 94.64 
1641 70.02 70.66 94.64 
1642 75.45 72.54 94.64 
1643 76.52 93.89 94.64 
1644 66.29 114.08 94.64 
1645 70.07 86.60 94.64 
1646 87.30 68.93 94.64 
1647 56.23 67.22 94.64 
1648 72.53 55.10 94.64 
1649 70.08 53.54 94.64 
1650 62.88 70.38 94.64 
1651 69.00 83.24 94.64 
1652 67.23 98.67 94.64 
1653 74.91 87.34 94.64 
1654 74.72 82.46 94.64 
1655 85.90 94.93 94.64 
1656 63.98 98.41 94.64 
1657 60.17 97.19 94.64 
1658 65.20 93.15 94.64 
1659 61.33 87.89 94.64 
1660 65.44 82.02 94.64 
1661 62.16 91.67 94.64 
1662 67.10 95.09 94.64 
1663 61.59 95.47 94.64 
1664 66.77 93.52 94.64 
1665 62.44 113.69 94.64 
1666 56.28 78.05 94.64 
1667 74.77 81.14 94.64 
1668 76.74 75.54 94.64 
1669 74.30 71.13 94.64 
1670 70.84 55.60 94.64 
1671 59.14 92.28 94.64 
1672 72.44 78.42 94.64 
1673 74.60 88.31 94.64 
1674 69.34 78.01 94.64 
1675 68.35 62.66 94.64 
1676 73.60 90.51 94.64 
1677 77.57 97.01 94.64 
1678 59.97 82.29 94.64 
1679 59.06 60.51 94.64 
1680 73.06 63.81 94.64 
1681 65.67 56.64 94.64 
1682 74.85 49.72 94.64 
1683 66.52 71.61 94.64 
1684 67.75 120.80 94.64 
1685 72.97 75.89 94.64 
1686 68.73 102.13 94.64 
1687 66.08 110.04 94.64 
1688 81.81 86.38 94.64 
1689 63.93 102.88 94.64 
1690 71.05 87.28 94.64 
1691 67.39 85.71 94.64 
1692 79.53 98.82 94.64 
1693 77.03 89.66 94.64 
1694 57.56 64.85 94.64 
1695 69.99 74.07 94.64 
1696 85.22 67.87 94.64 
1697 69.58 73.50 94.64 
1698 74.60 77.45 94.64 
1699 82.18 62.48 94.64 
1700 69.46 75.02 94.64 
1701 78.65 97.38 94.64 
1702 69.06 89.84 94.64 
1703 67.88 81.01 94.64 
1704 69.02 76.65 94.64 
1705 89.24 85.43 94.64 
1706 73.78 64.62 94.64 
1707 73.21 83.67 94.64 
1708 82.96 59.16 94.64 
1709 79.32 53.29 94.64 
1710 78.27 70.52 94.64 
1711 77.31 75.86 94.64 
1712 78.58 74.84 94.64 
1713 80.36 91.17 94.64 
1714 60.49 84.28 94.64 
1715 71.66 76.20 94.64 
1716 68.56 54.96 94.64 
1717 84.55 79.39 94.64 
1718 68.11 78.05 94.64 
1719 75.00 79.63 94.64 
1720 66.10 77.91 94.64 
1721 74.85 87.74 94.64 
1722 74.62 71.84 94.64 
1723 74.83 86.41 94.64 
1724 66.48 86.58 94.64 
1725 80.18 111.39 94.64 
1726 67.49 101.28 94.64 
1727 61.61 90.95 94.64 
1728 62.04 86.00 94.64 
1729 65.76 95.57 94.64 
1730 62.23 110.09 94.64 
1731 84.23 108.93 94.64 
1732 72.61 104.55 94.64 
1733 58.30 85.01 94.64 
1734 65.15 108.50 94.64 
1735 59.74 86.66 94.64 
1736 64.92 88.19 94.64 
1737 69.20 95.00 94.64 
1738 72.35 98.01 94.64 
1739 66.21 106.40 94.64 
1740 69.28 99.41 94.64 
1741 67.35 83.80 94.64 
1742 74.33 105.11 94.64 
1743 73.51 94.57 94.64 
1744 67.74 134.84 94.64 
1745 66.74 108.66 94.64 
1746 77.13 84.39 94.64 
1747 78.86 86.48 94.64 
1748 75.20 88.99 94.64 
1749 80.85 80.50 94.64 
1750 64.78 84.58 94.64 
1751 73.36 91.59 94.64 
1752 73.96 124.31 94.64 
1753 59.70 95.82 94.64 
1754 67.76 107.78 94.64 
1755 78.90 81.27 94.64 
1756 66.75 75.95 94.64 
1757 72.28 45.09 94.64 
1758 71.56 102.52 94.64 
1759 84.81 70.04 94.64 
1760 68.05 82.49 94.64 
1761 66.93 91.34 94.64 
1762 68.29 111.09 94.64 
1763 74.56 93.71 94.64 
1764 72.56 103.39 94.64 
1765 76.26 85.60 94.64 
1766 64.23 86.86 94.64 
1767 71.94 67.88 94.64 
1768 66.38 93.04 94.64 
1769 86.40 87.31 94.64 
1770 71.28 74.69 94.64 
1771 71.16 69.80 94.64 
1772 71.41 65.99 94.64 
1773 78.23 94.74 94.64 
1774 73.24 69.11 94.64 
1775 64.08 104.05 94.64 
1776 82.31 80.69 94.64 
1777 65.77 91.24 94.64 
1778 105.72 81.85 94.64 
1779 70.73 75.46 105.72 
1780 69.15 89.42 105.72 
1781 67.24 85.95 105.72 
1782 67.19 83.30 105.72 
1783 73.42 75.72 105.72 
1784 81.64 94.58 105.72 
1785 79.77 99.19 105.72 
1786 67.86 115.07 105.72 
1787 68.49 98.63 105.72 
1788 66.66 104.80 105.72 
1789 65.80 89.91 105.72 
1790 73.18 98.25 105.72 
1791 74.97 79.67 105.72 
1792 71.47 85.81 105.72 
1793 77.49 95.21 105.72 
1794 86.84 79.51 105.72 
1795 67.25 89.37 105.72 
1796 65.46 87.37 105.72 
1797 69.60 90.56 105.72 
1798 80.50 95.70 105.72 
1799 66.79 95.44 105.72 
1800 58.31 90.33 105.72 
1801 54.74 90.35 105.72 
1802 65.01 82.81 105.72 
1803 64.67 118.64 105.72 
1804 66.38 94.28 105.72 
1805 58.22 89.12 105.72 
1806 60.08 121.65 105.72 
1807 72.58 93.50 105.72 
1808 65.17 94.72 105.72 
1809 78.21 76.71 105.72 
1810 88.43 111.07 105.72 
1811 73.59 106.56 105.72 
1812 65.86 87.59 105.72 
1813 70.42 103.57 105.72 
1814 77.41 93.48 105.72 
1815 64.27 98.70 105.72 
1816 71.40 95.34 105.72 
1817 83.04 79.29 105.72 
1818 58.63 77.07 105.72 
1819 58.52 93.98 105.72 
1820 79.76 89.34 105.72 
1821 63.28 73.61 105.72 
1822 73.45 83.85 105.72 
1823 66.83 71.99 105.72 
1824 78.87 90.81 105.72 
1825 88.36 70.59 105.72 
1826 65.97 66.77 105.72 
1827 64.22 92.95 105.72 
1828 60.87 93.03 105.72 
1829 63.19 78.10 105.72 
1830 81.22 77.82 105.72 
1831 71.66 70.44 105.72 
1832 91.40 56.89 105.72 
1833 77.65 54.22 105.72 
1834 65.71 86.67 105.72 
1835 71.42 68.72 105.72 
1836 71.71 66.35 105.72 
1837 75.57 80.40 105.72 
1838 60.95 67.77 105.72 
1839 68.09 78.09 105.72 
1840 77.54 75.53 105.72 
1841 74.64 66.55 105.72 
1842 60.59 69.02 105.72 
1843 50.56 63.80 105.72 
1844 62.85 70.90 105.72 
1845 67.92 74.27 105.72 
1846 65.12 61.68 105.72 
1847 67.19 69.79 105.72 
1848 68.14 48.20 105.72 
1849 73.66 70.55 105.72 
1850 78.02 66.20 105.72 
1851 72.49 68.23 105.72 
1852 75.01 65.60 105.72 
1853 72.49 72.66 105.72 
1854 63.35 77.38 105.72 
1855 64.32 88.14 105.72 
1856 70.00 77.26 105.72 
1857 72.32 78.53 105.72 
1858 69.51 80.72 105.72 
1859 70.80 87.22 105.72 
1860 81.50 68.65 105.72 
1861 67.15 78.27 105.72 
1862 80.38 81.70 105.72 
1863 84.69 71.68 105.72 
1864 82.16 90.33 105.72 
1865 68.08 68.81 105.72 
1866 70.21 95.61 105.72 
1867 68.11 77.70 105.72 
1868 75.20 66.17 105.72 
1869 76.69 82.20 105.72 
1870 81.43 89.63 105.72 
1871 71.67 98.99 105.72 
1872 70.41 75.38 105.72 
1873 71.20 75.80 105.72 
1874 78.26 101.52 105.72 
1875 70.27 83.51 105.72 
1876 67.45 76.96 105.72 
1877 63.29 75.12 105.72 
1878 74.80 81.28 105.72 
1879 70.15 100.29 105.72 
1880 62.54 84.32 105.72 
1881 74.33 69.50 105.72 
1882 71.28 79.01 105.72 
1883 62.89 83.83 105.72 
1884 80.56 79.93 105.72 
1885 73.66 56.71 105.72 
1886 76.53 90.09 105.72 
1887 71.92 96.07 105.72 
1888 73.46 76.95 105.72 
1889 70.24 70.90 105.72 
1890 67.08 79.68 105.72 
1891 69.11 61.04 105.72 
1892 61.16 67.72 105.72 
1893 66.11 89.00 105.72 
1894 69.29 66.29 105.72 
1895 65.46 68.07 105.72 
1896 72.28 62.18 105.72 
1897 74.22 77.48 105.72 
1898 83.16 113.38 105.72 
1899 95.11 81.03 105.72 
1900 67.06 83.53 105.72 
1901 62.89 83.43 105.72 
1902 59.17 105.69 105.72 
1903 73.17 97.66 105.72 
1904 72.46 71.78 105.72 
1905 76.25 88.26 105.72 
1906 72.30 85.32 105.72 
1907 64.04 71.53 105.72 
1908 72.70 73.31 105.72 
1909 68.41 110.24 105.72 
1910 83.44 82.43 105.72 
1911 74.06 67.10 105.72 
1912 71.38 69.43 105.72 
1913 69.61 77.90 105.72 
1914 73.56 67.52 105.72 
1915 74.59 82.36 105.72 
1916 77.23 90.07 105.72 
1917 72.14 80.37 105.72 
1918 80.62 89.85 105.72 
1919 76.54 83.71 105.72 
1920 62.90 85.86 105.72 
1921 62.72 64.40 105.72 
1922 58.04 71.45 105.72 
1923 78.96 71.98 105.72 
1924 76.85 63.30 105.72 
1925 70.12 73.62 105.72 
1926 70.49 80.72 105.72 
1927 58.81 76.17 105.72 
1928 83.81 93.46 105.72 
1929 70.13 64.87 105.72 
1930 75.42 53.87 105.72 
1931 73.49 72.01 105.72 
1932 69.78 66.64 105.72 
1933 59.18 66.67 105.72 
1934 73.23 81.82 105.72 
1935 66.79 89.09 105.72 
1936 77.96 67.75 105.72 
1937 61.10 84.57 105.72 
1938 72.90 99.26 105.72 
1939 76.41 78.41 105.72 
1940 69.00 85.77 105.72 
1941 85.96 76.51 105.72 
1942 64.66 72.89 105.72 
1943 75.04 61.49 105.72 
1944 83.68 69.97 105.72 
1945 74.08 62.59 105.72 
1946 80.65 70.84 105.72 
1947 69.81 84.46 105.72 
1948 81.04 129.16 105.72 
1949 75.06 91.75 105.72 
1950 70.67 71.62 105.72 
1951 73.30 80.39 105.72 
1952 68.18 70.55 105.72 
1953 71.47 108.44 105.72 
1954 75.85 112.20 105.72 
1955 59.95 112.46 105.72 
1956 71.66 100.15 105.72 
1957 71.02 89.54 105.72 
1958 67.04 109.91 105.72 
1959 76.03 112.30 105.72 
1960 65.55 94.02 105.72 
1961 65.83 101.95 105.72 
1962 73.79 87.73 105.72 
1963 72.13 92.12 105.72 
1964 73.12 78.45 105.72 
1965 69.88 72.26 105.72 
1966 66.23 89.17 105.72 
1967 78.01 76.43 105.72 
1968 61.02 80.62 105.72 
1969 69.98 57.98 105.72 
1970 71.91 96.80 105.72 
1971 62.84 66.38 105.72 
1972 75.05 88.06 105.72 
1973 65.70 74.41 105.72 
1974 72.42 84.10 105.72 
1975 84.67 66.58 105.72 
1976 73.30 90.84 105.72 
1977 82.38 79.74 105.72 
1978 71.29 65.06 105.72 
1979 72.87 72.87 105.72 
1980 69.52 80.12 105.72 
1981 69.21 68.70 105.72 
1982 75.54 70.38 105.72 
1983 64.43 77.03 105.72 
1984 76.58 68.05 105.72 
1985 72.64 50.44 105.72 
1986 84.39 93.65 105.72 
1987 83.78 70.89 105.72 
1988 68.11 69.94 105.72 
1989 71.38 63.51 105.72 
1990 66.40 52.43 105.72 
1991 75.25 58.35 105.72 
1992 83.60 67.45 105.72 
1993 72.53 59.55 105.72 
1994 68.50 60.58 105.72 
1995 66.95 70.32 105.72 
1996 66.22 74.26 105.72 
1997 76.75 64.39 105.72 
1998 80.35 58.40 105.72 
1999 75.92 76.37 105.72 
2000 76.16 63.71 105.72 
2001 81.12 81.66 105.72 
2002 74.39 64.72 105.72 
2003 85.63 58.33 105.72 
2004 75.26 73.28 105.72 
2005 66.07 52.52 105.72 
2006 56.63 57.25 105.72 
2007 70.89 50.06 105.72 
2008 74.91 59.64 105.72 
2009 68.00 66.93 105.72 
2010 83.81 63.11 105.72 
2011 73.50 64.33 105.72 
2012 78.21 66.67 105.72 
2013 79.76 73.51 105.72 
2014 72.33 65.88 105.72 
2015 71.54 79.87 105.72 
2016 77.70 94.92 105.72 
2017 66.20 85.23 105.72 
2018 63.98 79.78 105.72 
2019 75.77 74.93 105.72 
2020 77.08 67.44 105.72 
2021 60.58 57.01 105.72 
2022 71.10 89.15 105.72 
2023 72.46 70.34 105.72 
2024 69.77 72.21 105.72 
2025 81.51 88.27 105.72 
2026 74.63 91.87 105.72 
2027 62.23 82.52 105.72 
2028 74.54 53.56 105.72 
2029 74.08 88.25 105.72 
2030 85.01 116.77 105.72 
2031 69.33 123.04 105.72 
2032 82.74 109.61 105.72 
2033 88.97 76.21 105.72 
2034 87.84 86.34 105.72 
2035 84.64 97.07 105.72 
2036 78.15 88.83 105.72 
2037 76.81 118.72 105.72 
2038 84.31 110.81 105.72 
2039 74.45 100.62 105.72 
2040 75.94 108.60 105.72 
2041 79.39 72.91 105.72 
2042 94.82 82.62 105.72 
2043 67.47 87.03 105.72 
2044 77.63 97.10 105.72 
2045 88.21 106.35 105.72 
2046 76.77 73.91 105.72 
2047 71.53 107.14 105.72 
2048 85.47 97.88 105.72 
2049 78.59 125.72 105.72 
2050 84.05 74.72 105.72 
2051 87.70 80.20 105.72 
2052 69.39 83.12 105.72 
2053 64.23 103.49 105.72 
2054 82.76 92.50 105.72 
2055 83.85 88.38 105.72 
2056 81.60 83.07 105.72 
2057 67.75 98.00 105.72 
2058 91.75 88.66 105.72 
2059 70.65 84.15 105.72 
2060 74.89 90.73 105.72 
2061 67.80 77.89 105.72 
2062 71.26 74.47 105.72 
2063 71.49 92.85 105.72 
2064 89.51 92.70 105.72 
2065 91.50 73.93 105.72 
2066 82.64 60.03 105.72 
2067 74.97 90.99 105.72 
2068 84.63 89.18 105.72 
2069 73.84 73.31 105.72 
2070 72.72 84.27 105.72 
2071 75.67 84.16 105.72 
2072 88.35 91.31 105.72 
2073 90.26 82.66 105.72 
2074 81.90 78.31 105.72 
2075 83.23 130.61 105.72 
2076 92.76 137.04 105.72 
2077 83.14 91.17 105.72 
2078 86.99 90.72 105.72 
2079 82.52 105.48 105.72 
2080 74.52 84.94 105.72 
2081 80.28 101.48 105.72 
2082 85.39 105.67 105.72 
2083 83.31 90.27 105.72 
2084 88.42 96.16 105.72 
2085 72.53 109.34 105.72 
2086 74.56 79.40 105.72 
2087 85.99 84.81 105.72 
2088 91.07 90.93 105.72 
2089 75.12 92.32 105.72 
2090 67.24 89.57 105.72 
2091 84.08 105.59 105.72 
2092 75.24 98.59 105.72 
2093 76.79 106.54 105.72 
2094 70.55 109.72 105.72 
2095 89.79 119.95 105.72 
2096 86.93 80.73 105.72 
2097 90.20 94.79 105.72 
2098 87.80 140.92 105.72 
2099 73.18 120.70 105.72 
2100 82.92 128.10 105.72 
2101 72.84 139.70 105.72 
2102 77.82 101.14 105.72 
2103 70.45 127.32 105.72 
2104 97.69 113.29 105.72 
2105 63.75 129.13 105.72 
2106 82.39 129.66 105.72 
2107 79.23 98.52 105.72 
2108 73.24 86.62 105.72 
2109 70.50 95.87 105.72 
2110 80.11 98.82 105.72 
2111 69.81 90.78 105.72 
2112 89.13 84.06 105.72 
2113 79.54 83.57 105.72 
2114 76.38 107.06 105.72 
2115 81.36 91.50 105.72 
2116 80.82 111.06 105.72 
2117 88.09 114.47 105.72 
2118 81.76 137.29 105.72 
2119 75.54 108.14 105.72 
2120 90.29 108.57 105.72 
2121 98.20 108.00 105.72 
2122 73.46 133.83 105.72 
2123 84.21 105.84 105.72 
2124 90.36 123.37 105.72 
2125 84.27 129.69 105.72 
2126 77.52 99.73 105.72 
2127 75.91 110.03 105.72 
2128 79.54 109.69 105.72 
2129 72.09 155.59 105.72 
2130 73.87 144.63 105.72 
2131 82.68 102.42 105.72 
2132 86.68 128.40 105.72 
2133 92.00 117.59 105.72 
2134 83.02 189.51 105.72 
2135 97.60 135.54 105.72 
2136 71.08 136.83 105.72 
2137 94.02 108.55 105.72 
2138 69.55 113.88 105.72 
2139 89.00 95.85 105.72 
2140 82.83 130.13 105.72 
2141 85.76 120.81 105.72 
2142 70.16 145.29 105.72 
2143 89.80 138.89 105.72 
2144 95.69 153.07 105.72 
2145 72.49 151.40 105.72 
2146 83.45 106.31 105.72 
2147 73.20 167.78 105.72 
2148 76.65 119.78 105.72 
2149 71.81 142.35 105.72 
2150 89.78 115.85 105.72 
2151 95.08 129.75 105.72 
2152 83.69 104.80 105.72 
2153 79.59 93.06 105.72 
2154 79.55 86.99 105.72 
2155 92.10 109.61 105.72 
2156 64.16 118.19 105.72 
2157 88.14 139.37 105.72 
2158 72.66 175.76 105.72 
2159 72.46 94.48 105.72 
2160 90.85 127.01 105.72 
2161 75.74 106.35 105.72 
2162 70.54 188.24 105.72 
2163 78.13 107.02 105.72 
2164 80.64 120.18 105.72 
2165 90.60 102.71 105.72 
2166 79.95 126.64 105.72 
2167 85.38 141.29 105.72 
2168 89.61 141.42 105.72 
2169 87.01 132.91 105.72 
2170 86.99 150.66 105.72 
2171 85.56 132.78 105.72 
2172 91.43 157.94 105.72 
2173 81.21 81.57 105.72 
2174 77.64 81.53 105.72 
2175 89.80 115.18 105.72 
2176 78.26 137.58 105.72 
2177 81.53 95.32 105.72 
2178 90.69 75.77 105.72 
2179 99.84 145.16 105.72 
2180 72.96 142.77 105.72 
2181 81.31 110.86 105.72 
2182 74.95 122.14 105.72 
2183 88.90 142.50 105.72 
2184 94.39 118.00 105.72 
2185 91.00 117.33 105.72 
2186 70.85 132.08 105.72 
2187 89.71 179.53 105.72 
2188 87.96 103.61 105.72 
2189 95.23 89.64 105.72 
2190 86.22 102.63 105.72 
2191 83.77 122.73 105.72 
2192 84.93 89.60 105.72 
2193 74.52 80.95 105.72 
2194 82.73 128.97 105.72 
2195 87.75 128.46 105.72 
2196 79.34 101.75 105.72 
2197 78.72 86.66 105.72 
2198 69.12 92.87 105.72 
2199 73.34 95.78 105.72 
2200 81.19 79.92 105.72 
2201 61.83 77.03 105.72 
2202 79.38 77.28 105.72 
2203 79.13 126.00 105.72 
2204 87.04 81.62 105.72 
2205 84.37 74.22 105.72 
2206 79.89 96.33 105.72 
2207 71.13 106.34 105.72 
2208 75.20 78.37 105.72 
2209 84.37 84.91 105.72 
2210 75.71 61.21 105.72 
2211 91.60 99.97 105.72 
2212 88.78 70.75 105.72 
2213 95.02 64.56 105.72 
2214 82.55 77.14 105.72 
2215 92.33 95.80 105.72 
2216 71.35 96.01 105.72 
2217 89.48 60.62 105.72 
2218 84.42 76.16 105.72 
2219 80.06 78.31 105.72 
2220 87.49 116.11 105.72 
2221 90.26 83.83 105.72 
2222 83.48 59.80 105.72 
2223 80.71 76.43 105.72 
2224 103.05 57.66 105.72 
2225 84.76 71.60 105.72 
2226 77.97 60.59 105.72 
2227 92.53 72.61 105.72 
2228 81.68 65.90 105.72 
2229 87.27 68.45 105.72 
2230 82.44 66.27 105.72 
2231 76.06 70.95 105.72 
2232 72.38 114.99 105.72 
2233 93.18 61.47 105.72 
2234 90.58 104.13 105.72 
2235 86.04 97.85 105.72 
2236 87.97 85.93 105.72 
2237 80.82 77.89 105.72 
2238 78.32 76.34 105.72 
2239 70.14 83.06 105.72 
2240 89.71 80.10 105.72 
2241 78.44 76.64 105.72 
2242 78.59 71.43 105.72 
2243 63.29 83.23 105.72 
2244 87.40 96.98 105.72 
2245 88.40 79.62 105.72 
2246 80.71 98.39 105.72 
2247 83.35 92.93 105.72 
2248 86.21 87.23 105.72 
2249 107.59 82.88 105.72 
2250 93.40 77.61 107.59 
2251 68.96 80.57 107.59 
2252 67.62 111.89 107.59 
2253 73.73 77.87 107.59 
2254 75.83 56.21 107.59 
2255 84.66 65.10 107.59 
2256 80.89 74.53 107.59 
2257 79.64 104.65 107.59 
2258 93.46 117.71 107.59 
2259 90.55 86.88 107.59 
2260 80.59 111.49 107.59 
2261 94.15 97.35 107.59 
2262 86.54 82.64 107.59 
2263 92.43 115.90 107.59 
2264 99.75 89.62 107.59 
2265 81.97 89.67 107.59 
2266 91.94 116.14 107.59 
2267 72.85 91.87 107.59 
2268 69.22 68.96 107.59 
2269 91.49 82.92 107.59 
2270 88.10 85.49 107.59 
2271 79.94 50.75 107.59 
2272 93.03 77.89 107.59 
2273 78.07 78.76 107.59 
2274 76.06 55.09 107.59 
2275 66.65 68.05 107.59 
2276 86.28 90.57 107.59 
2277 88.96 78.31 107.59 
2278 81.86 61.57 107.59 
2279 82.41 95.62 107.59 
2280 78.38 100.24 107.59 
2281 95.24 79.79 107.59 
2282 71.11 73.83 107.59 
2283 91.45 73.73 107.59 
2284 90.58 89.65 107.59 
2285 76.81 100.18 107.59 
2286 81.98 98.33 107.59 
2287 100.33 99.70 107.59 
2288 100.59 89.88 107.59 
2289 83.35 92.43 107.59 
2290 88.49 80.20 107.59 
2291 91.25 66.48 107.59 
2292 86.53 60.97 107.59 
2293 81.21 82.04 107.59 
2294 103.57 75.23 107.59 
2295 100.03 90.71 107.59 
2296 95.30 92.58 107.59 
2297 110.94 101.24 107.59 
2298 89.78 69.87 110.94 
2299 79.86 70.03 110.94 
2300 86.44 80.57 110.94 
2301 86.40 108.61 110.94 
2302 95.03 85.06 110.94 
2303 95.45 86.92 110.94 
2304 98.99 77.56 110.94 
2305 84.88 101.88 110.94 
2306 99.78 87.44 110.94 
2307 87.77 96.61 110.94 
2308 100.23 83.67 110.94 
2309 81.35 91.91 110.94 
2310 88.45 68.63 110.94 
2311 99.71 65.37 110.94 
2312 90.91 97.59 110.94 
2313 92.25 121.82 110.94 
2314 99.96 148.61 110.94 
2315 80.56 100.60 110.94 
2316 97.95 98.23 110.94 
2317 86.63 99.97 110.94 
2318 102.09 94.97 110.94 
2319 105.49 112.76 110.94 
2320 80.84 66.95 110.94 
2321 84.48 144.23 110.94 
2322 84.99 90.30 110.94 
2323 82.14 80.65 110.94 
2324 80.14 73.10 110.94 
2325 80.79 105.68 110.94 
2326 75.70 100.34 110.94 
2327 74.78 72.31 110.94 
2328 84.79 90.49 110.94 
2329 99.45 106.95 110.94 
2330 83.81 98.54 110.94 
2331 97.80 99.54 110.94 
2332 95.19 62.99 110.94 
2333 79.62 80.44 110.94 
2334 92.63 69.52 110.94 
2335 87.58 73.39 110.94 
2336 77.58 93.75 110.94 
2337 88.86 80.20 110.94 
2338 94.12 70.06 110.94 
2339 105.25 98.64 110.94 
2340 87.71 86.90 110.94 
2341 103.46 76.66 110.94 
2342 100.24 70.90 110.94 
2343 88.43 75.10 110.94 
2344 99.28 75.58 110.94 
2345 89.46 105.93 110.94 
2346 115.41 58.50 110.94 
2347 98.10 59.68 115.41 
2348 85.37 74.62 115.41 
2349 102.12 73.76 115.41 
2350 97.08 73.43 115.41 
2351 90.83 95.75 115.41 
2352 103.82 83.86 115.41 
2353 93.97 96.79 115.41 
2354 92.04 78.46 115.41 
2355 104.50 83.34 115.41 
2356 95.53 86.15 115.41 
2357 98.54 88.14 115.41 
2358 106.16 77.75 115.41 
2359 99.93 73.84 115.41 
2360 113.21 79.92 115.41 
2361 97.95 63.61 115.41 
2362 101.40 97.29 115.41 
2363 85.97 47.91 115.41 
2364 91.22 70.02 115.41 
2365 98.84 59.09 115.41 
2366 86.30 78.94 115.41 
2367 95.73 69.01 115.41 
2368 91.58 71.97 115.41 
2369 98.73 93.57 115.41 
2370 92.53 87.77 115.41 
2371 114.11 78.01 115.41 
2372 89.63 84.94 115.41 
2373 108.67 100.23 115.41 
2374 116.28 75.60 115.41 
2375 87.05 89.29 116.28 
2376 95.82 91.30 116.28 
2377 99.75 81.07 116.28 
2378 100.73 103.48 116.28 
2379 97.11 46.35 116.28 
2380 108.70 69.48 116.28 
2381 97.56 72.41 116.28 
2382 89.72 54.88 116.28 
2383 91.08 78.39 116.28 
2384 94.11 66.43 116.28 
2385 91.40 78.54 116.28 
2386 124.98 103.04 116.28 
2387 82.03 91.94 124.98 
2388 97.88 91.60 124.98 
2389 84.46 91.24 124.98 
2390 105.88 110.68 124.98 
2391 85.07 128.10 124.98 
2392 91.45 115.60 124.98 
2393 103.59 123.77 124.98 
2394 97.39 112.01 124.98 
2395 102.32 97.65 124.98 
2396 87.43 99.31 124.98 
2397 98.71 50.17 124.98 
2398 103.21 66.54 124.98 
2399 89.23 98.30 124.98 
2400 86.24 87.02 124.98 
2401 107.37 67.67 124.98 
2402 87.32 83.66 124.98 
2403 91.99 70.58 124.98 
2404 95.69 68.30 124.98 
2405 98.81 70.58 124.98 
2406 101.67 67.50 124.98 
2407 92.49 76.08 124.98 
2408 92.69 70.75 124.98 
2409 107.72 69.79 124.98 
2410 108.81 60.48 124.98 
2411 99.58 54.61 124.98 
2412 110.69 48.76 124.98 
2413 112.21 56.74 124.98 
2414 95.85 104.31 124.98 
2415 89.33 70.60 124.98 
2416 101.68 72.28 124.98 
2417 106.17 76.43 124.98 
2418 91.74 54.08 124.98 
2419 106.89 69.71 124.98 
2420 109.24 73.94 124.98 
2421 111.22 87.89 124.98 
2422 101.91 61.51 124.98 
2423 102.11 64.23 124.98 
2424 95.68 79.24 124.98 
2425 97.09 81.49 124.98 
2426 91.99 94.01 124.98 
2427 101.92 56.23 124.98 
2428 105.94 96.13 124.98 
2429 75.53 69.81 124.98 
2430 93.11 75.62 124.98 
2431 99.28 60.69 124.98 
2432 91.51 82.97 124.98 
2433 96.66 72.26 124.98 
2434 104.90 98.45 124.98 
2435 90.45 95.43 124.98 
2436 91.54 95.17 124.98 
2437 85.36 87.24 124.98 
2438 117.37 82.46 124.98 
2439 119.04 70.57 124.98 
2440 112.08 92.85 124.98 
2441 102.43 74.05 124.98 
2442 114.06 77.49 124.98 
2443 109.97 75.88 124.98 
2444 105.82 71.89 124.98 
2445 107.86 69.84 124.98 
2446 87.28 75.66 124.98 
2447 99.15 85.55 124.98 
2448 115.22 75.93 124.98 
2449 111.94 69.17 124.98 
2450 99.23 76.01 124.98 
2451 113.50 83.50 124.98 
2452 104.15 78.23 124.98 
2453 93.64 54.53 124.98 
2454 102.11 68.22 124.98 
2455 114.66 61.37 124.98 
2456 101.13 68.50 124.98 
2457 113.02 57.48 124.98 
2458 94.64 62.76 124.98 
2459 109.96 58.60 124.98 
2460 101.76 65.20 124.98 
2461 110.84 62.01 124.98 
2462 99.27 53.76 124.98 
2463 120.31 37.78 124.98 
2464 111.41 59.82 124.98 
2465 97.69 57.47 124.98 
2466 92.24 56.86 124.98 
2467 112.61 48.18 124.98 
2468 111.67 72.13 124.98 
2469 92.66 74.59 124.98 
2470 98.76 79.91 124.98 
2471 100.44 62.61 124.98 
2472 102.18 55.35 124.98 
2473 101.23 85.17 124.98 
2474 111.49 81.94 124.98 
2475 101.48 74.49 124.98 
2476 106.08 71.27 124.98 
2477 91.67 81.54 124.98 
2478 94.29 71.25 124.98 
2479 88.34 116.68 124.98 
2480 97.99 81.52 124.98 
2481 81.03 54.16 124.98 
2482 112.44 77.05 124.98 
2483 86.25 56.19 124.98 
2484 111.58 61.04 124.98 
2485 108.05 82.23 124.98 
2486 114.31 69.41 124.98 
2487 99.10 72.82 124.98 
2488 112.57 75.64 124.98 
2489 98.35 92.08 124.98 
2490 93.84 93.02 124.98 
2491 101.62 107.93 124.98 
2492 104.38 90.33 124.98 
2493 96.60 79.24 124.98 
2494 108.95 74.88 124.98 
2495 101.04 93.55 124.98 
2496 82.74 91.90 124.98 
2497 105.47 91.25 124.98 
2498 107.38 92.32 124.98 
2499 74.14 105.85 124.98 
2500 105.87 100.53 124.98 
2501 100.24 86.57 124.98 
2502 104.76 82.51 124.98 
