Iter | Sampling Pol | Evaluation Pol | Best (Sampled) 
   0 -2.28 -4.63 -100000000.00 
   1 -3.57 -3.60 -2.28 
   2 -1.20 -3.98 -2.28 
   3 -1.35  1.71 -1.20 
   4 -0.31  0.96 -1.20 
   5  2.01  0.74 -0.31 
   6 -0.48  5.17  2.01 
   7  1.37  3.45  2.01 
   8 -0.52  4.48  2.01 
   9 -0.23 13.30  2.01 
  10 12.14  5.22  2.01 
  11  5.54  1.94 12.14 
  12  5.78  0.15 12.14 
  13  0.96  1.26 12.14 
  14  8.41  1.46 12.14 
  15  3.44 16.96 12.14 
  16  6.06 14.96 12.14 
  17  4.82 86.13 12.14 
  18 13.08 15.62 12.14 
  19 13.74 15.81 13.08 
  20 12.23 33.15 13.74 
  21 11.79 71.89 13.74 
  22 12.93 42.45 13.74 
  23 22.00 21.38 13.74 
  24 18.18 16.91 22.00 
  25 16.88 44.52 22.00 
  26 28.78 59.06 22.00 
  27 23.19 62.07 28.78 
  28 35.33 80.46 28.78 
  29 23.16 66.82 35.33 
  30 30.10 45.64 35.33 
  31 33.85 55.97 35.33 
  32 50.08 171.48 35.33 
  33 40.88 164.43 50.08 
  34 41.18 205.17 50.08 
  35 43.44 248.98 50.08 
  36 60.85 194.68 50.08 
  37 59.58 235.29 60.85 
  38 76.79 238.78 60.85 
  39 61.42 260.51 76.79 
  40 95.47 215.55 76.79 
  41 64.09 246.37 95.47 
  42 93.08 401.71 95.47 
  43 85.17 249.13 95.47 
  44 114.84 303.40 95.47 
  45 77.86 367.18 114.84 
  46 114.31 294.41 114.84 
  47 136.37 282.20 114.84 
  48 124.36 320.08 136.37 
  49 104.65 347.31 136.37 
  50 139.20 303.09 136.37 
  51 193.57 239.60 139.20 
  52 140.84 283.56 193.57 
  53 143.44 341.35 193.57 
  54 235.19 342.10 193.57 
  55 201.42 314.36 235.19 
  56 218.63 357.68 235.19 
  57 242.00 343.94 235.19 
  58 274.53 404.35 242.00 
  59 336.54 474.98 274.53 
  60 363.31 636.47 336.54 
  61 408.17 740.32 363.31 
  62 393.65 756.58 408.17 
  63 458.63 864.57 408.17 
  64 505.88 786.41 458.63 
  65 453.23 856.97 505.88 
  66 505.63 986.89 505.88 
  67 715.04 982.66 505.88 
  68 756.77 1089.32 715.04 
  69 750.13 1078.67 756.77 
  70 746.56 1228.28 756.77 
  71 854.97 1074.91 756.77 
  72 951.54 1108.42 854.97 
  73 929.47 912.73 951.54 
  74 1063.20 1132.93 951.54 
  75 1136.47 1486.89 1063.20 
  76 1065.79 1313.69 1136.47 
  77 1246.65 1694.76 1136.47 
  78 1454.15 1898.01 1246.65 
  79 1213.48 2190.24 1454.15 
  80 1387.81 2018.38 1454.15 
  81 1515.95 1999.54 1454.15 
  82 1715.75 2148.89 1515.95 
  83 1771.69 2204.54 1715.75 
  84 1849.78 2075.07 1771.69 
  85 1711.19 2007.94 1849.78 
  86 1894.59 2159.37 1849.78 
  87 2164.70 2095.81 1894.59 
  88 2190.34 2564.44 2164.70 
  89 2174.00 2683.97 2190.34 
  90 2213.74 2585.30 2190.34 
  91 2454.02 2654.59 2213.74 
  92 2316.09 2623.24 2454.02 
  93 2456.73 2940.66 2454.02 
  94 2516.32 2846.10 2456.73 
  95 2621.31 2901.14 2516.32 
  96 2815.03 2914.33 2621.31 
  97 2650.62 2905.01 2815.03 
  98 2888.20 3005.28 2815.03 
  99 2698.13 2802.76 2888.20 
 100 2810.31 3055.24 2888.20 
 101 3001.74 2961.83 2888.20 
 102 3050.26 3046.56 3001.74 
 103 2896.94 2904.97 3050.26 
 104 3079.49 3184.95 3050.26 
 105 3093.35 3057.90 3079.49 
 106 2938.87 3141.23 3093.35 
 107 3201.04 3098.60 3093.35 
 108 3220.34 3342.22 3201.04 
 109 3365.44 3480.02 3220.34 
 110 3298.78 3486.47 3365.44 
 111 3350.59 3512.27 3365.44 
 112 3261.92 3444.50 3365.44 
 113 3480.63 3543.87 3365.44 
 114 3364.15 3667.84 3480.63 
 115 3406.63 3639.65 3480.63 
 116 3346.67 3119.66 3480.63 
 117 3432.88 3334.96 3480.63 
 118 3533.12 3354.89 3480.63 
 119 3509.71 3244.39 3533.12 
 120 3437.79 3300.79 3533.12 
 121 3669.35 3120.94 3533.12 
 122 3493.24 3175.51 3669.35 
 123 3544.60 3099.24 3669.35 
 124 3595.21 3108.22 3669.35 
 125 3556.60 3330.49 3669.35 
 126 3733.31 3177.61 3669.35 
 127 3682.76 3170.73 3733.31 
 128 3737.79 3183.20 3733.31 
 129 3802.15 3027.92 3737.79 
 130 3735.53 3147.43 3802.15 
 131 3758.61 3406.75 3802.15 
 132 3830.66 3176.09 3802.15 
 133 3800.36 2935.77 3830.66 
 134 3845.77 3400.33 3830.66 
 135 3968.03 3664.99 3845.77 
 136 3820.18 3708.52 3968.03 
 137 3886.10 3441.35 3968.03 
 138 3911.93 3216.20 3968.03 
 139 3879.30 3371.67 3968.03 
 140 3855.80 3423.39 3968.03 
 141 3887.37 3322.81 3968.03 
 142 3977.06 3533.75 3968.03 
 143 3787.84 3438.66 3977.06 
 144 3779.36 3234.93 3977.06 
 145 3938.72 3329.20 3977.06 
 146 3925.89 3503.06 3977.06 
 147 3840.38 3186.30 3977.06 
 148 3922.44 3404.45 3977.06 
 149 3961.11 3406.53 3977.06 
 150 3756.37 3618.39 3977.06 
 151 3886.25 3739.16 3977.06 
 152 4061.12 3780.18 3977.06 
 153 3991.91 3920.34 4061.12 
 154 4041.78 3994.24 4061.12 
 155 4072.98 4044.76 4061.12 
 156 4005.37 4094.99 4072.98 
 157 3967.02 3964.35 4072.98 
 158 3970.01 3985.92 4072.98 
 159 4036.54 3885.56 4072.98 
 160 4089.10 3852.65 4072.98 
 161 4004.42 3825.02 4089.10 
 162 4076.21 3923.70 4089.10 
 163 4014.37 3886.66 4089.10 
 164 4145.28 3880.31 4089.10 
 165 3994.34 3934.04 4145.28 
 166 4262.40 3960.54 4145.28 
 167 4207.45 3993.61 4262.40 
 168 4228.23 3884.38 4262.40 
 169 4125.01 4114.05 4262.40 
 170 4176.38 4093.88 4262.40 
 171 4150.40 4180.17 4262.40 
 172 4095.69 4052.36 4262.40 
 173 4128.16 4283.71 4262.40 
 174 4317.39 4153.65 4262.40 
 175 4211.98 4260.03 4317.39 
 176 4356.36 4177.76 4317.39 
 177 4306.54 4141.98 4356.36 
 178 4251.89 4152.11 4356.36 
 179 4205.76 4300.33 4356.36 
 180 4249.98 4296.94 4356.36 
 181 4270.59 4242.77 4356.36 
 182 4316.44 4306.10 4356.36 
 183 4332.26 4243.55 4356.36 
 184 4183.01 4221.07 4356.36 
 185 4224.63 4133.45 4356.36 
 186 4193.86 4219.49 4356.36 
 187 4315.21 4221.83 4356.36 
 188 4318.62 4305.71 4356.36 
 189 4112.05 4312.69 4356.36 
 190 4241.75 4352.52 4356.36 
 191 4257.51 4314.51 4356.36 
 192 4332.92 4252.47 4356.36 
 193 4328.34 4282.45 4356.36 
 194 4302.13 4317.08 4356.36 
 195 4353.57 4296.29 4356.36 
 196 4293.63 4354.89 4356.36 
 197 4318.63 4414.59 4356.36 
 198 4454.32 4252.05 4356.36 
 199 4412.05 4312.27 4454.32 
 200 4283.32 4371.50 4454.32 
 201 4420.74 4402.92 4454.32 
 202 4333.97 4468.21 4454.32 
 203 4357.43 4490.11 4454.32 
 204 4354.97 4465.26 4454.32 
 205 4396.83 4429.47 4454.32 
 206 4350.44 4468.39 4454.32 
 207 4424.74 4532.77 4454.32 
 208 4395.23 4542.43 4454.32 
 209 4329.61 4462.44 4454.32 
 210 4382.31 4544.37 4454.32 
 211 4467.29 4499.76 4454.32 
 212 4397.96 4497.50 4467.29 
 213 4525.47 4276.43 4467.29 
 214 4363.32 4256.88 4525.47 
 215 4444.92 4286.18 4525.47 
 216 4481.59 4423.87 4525.47 
 217 4473.94 4200.96 4525.47 
 218 4520.57 4339.60 4525.47 
 219 4328.58 4334.48 4525.47 
 220 4441.54 4341.75 4525.47 
 221 4489.34 4418.58 4525.47 
 222 4482.56 4460.29 4525.47 
 223 4477.00 4517.25 4525.47 
 224 4483.50 4445.90 4525.47 
 225 4499.75 4445.46 4525.47 
 226 4481.33 4460.12 4525.47 
 227 4446.44 4442.28 4525.47 
 228 4523.62 4411.55 4525.47 
 229 4555.87 4495.48 4525.47 
 230 4611.31 4509.97 4555.87 
 231 4573.23 4545.62 4611.31 
 232 4481.34 4465.92 4611.31 
