Iter | Sampling Pol | Evaluation Pol | Best (Sampled) 
   0 -2.28 -4.63 -100000000.00 
   1 -3.57 -3.60 -2.28 
   2 -1.20 -3.74 -2.28 
   3 -2.38  2.72 -1.20 
   4  1.16 21.96 -1.20 
   5  0.40 25.21  1.16 
   6 -0.66  2.85  1.16 
   7  5.15 -0.34  1.16 
   8  2.28  1.27  5.15 
   9  4.90  3.37  5.15 
  10  1.85  1.61  5.15 
  11  5.12  8.73  5.15 
  12  1.76 11.92  5.15 
  13  0.95 20.04  5.15 
  14  0.99  6.98  5.15 
  15  3.85  9.74  5.15 
  16  5.76  9.95  5.15 
  17  8.31 35.56  5.76 
  18 11.51 94.17  8.31 
  19  9.92 20.79 11.51 
  20 15.60 27.64 11.51 
  21 13.79 85.78 15.60 
  22 14.73 67.03 15.60 
  23 14.88 63.94 15.60 
  24 13.01 48.42 15.60 
  25 28.20 87.91 15.60 
  26 13.25 60.85 28.20 
  27 19.28 45.36 28.20 
  28 14.44 53.11 28.20 
  29 21.96 12.15 28.20 
  30 22.85 31.75 28.20 
  31 29.47 41.60 28.20 
  32 21.82 19.73 29.47 
  33 18.89 21.42 29.47 
  34 25.70 19.96 29.47 
  35 34.31 25.50 29.47 
  36 45.09 31.44 34.31 
  37 41.12 20.90 45.09 
  38 36.81 35.29 45.09 
  39 39.79 46.85 45.09 
  40 48.71 20.22 45.09 
  41 60.70 25.94 48.71 
  42 41.43 31.10 60.70 
  43 42.47 33.60 60.70 
  44 71.87 26.39 60.70 
  45 52.80 38.48 71.87 
  46 96.39 97.62 71.87 
  47 68.93 29.08 96.39 
  48 88.31 40.26 96.39 
  49 92.14 67.96 96.39 
  50 115.71 20.71 96.39 
  51 90.20 28.35 115.71 
  52 112.87 39.96 115.71 
  53 118.10 34.24 115.71 
  54 124.87 31.83 118.10 
  55 115.22 67.52 124.87 
  56 116.74 87.56 124.87 
  57 181.88 59.96 124.87 
  58 208.46 109.33 181.88 
  59 214.63 330.32 208.46 
  60 226.13 231.43 214.63 
  61 216.67 324.64 226.13 
  62 215.67 503.86 226.13 
  63 269.85 504.78 226.13 
  64 345.25 467.02 269.85 
  65 287.50 689.52 345.25 
  66 344.47 614.99 345.25 
  67 355.10 481.20 345.25 
  68 419.17 493.71 355.10 
  69 469.05 698.66 419.17 
  70 536.02 731.40 469.05 
  71 443.07 662.50 536.02 
  72 555.27 790.38 536.02 
  73 665.57 585.66 555.27 
  74 733.98 826.38 665.57 
  75 944.78 1023.86 733.98 
  76 878.35 1214.48 944.78 
  77 1030.66 1049.22 944.78 
  78 1201.80 965.54 1030.66 
  79 1201.85 1277.79 1201.80 
  80 1296.46 1462.64 1201.85 
  81 1308.29 1585.33 1296.46 
  82 1570.99 1426.28 1308.29 
  83 1590.11 1558.87 1570.99 
  84 1669.94 1950.55 1590.11 
  85 1656.61 1932.53 1669.94 
  86 1728.12 1693.27 1669.94 
  87 1961.41 1954.23 1728.12 
  88 2046.03 1803.27 1961.41 
  89 2291.89 2415.20 2046.03 
  90 2253.65 2224.17 2291.89 
  91 2376.83 2191.10 2291.89 
  92 2368.59 2464.51 2376.83 
  93 2441.89 2416.47 2376.83 
  94 2470.11 2326.43 2441.89 
  95 2532.16 2437.19 2470.11 
  96 2568.27 2763.79 2532.16 
  97 2668.37 2813.30 2568.27 
  98 2564.33 2461.06 2668.37 
  99 2752.85 2451.95 2668.37 
 100 2750.48 2551.35 2752.85 
 101 2908.93 2893.41 2752.85 
 102 2923.50 2971.05 2908.93 
 103 2981.84 2995.51 2923.50 
 104 2984.90 2962.14 2981.84 
 105 3120.66 2847.20 2984.90 
 106 3028.42 3152.16 3120.66 
 107 3160.04 2881.32 3120.66 
 108 3105.37 3009.83 3160.04 
 109 3328.60 3063.53 3160.04 
 110 3277.34 3006.29 3328.60 
 111 3325.33 3024.02 3328.60 
 112 3295.20 3160.09 3328.60 
 113 3297.06 3147.76 3328.60 
 114 3174.61 2843.99 3328.60 
 115 3382.12 3103.22 3328.60 
 116 3287.80 3101.71 3382.12 
 117 3418.02 3186.61 3382.12 
 118 3518.59 3092.50 3418.02 
 119 3355.37 3225.53 3518.59 
 120 3373.52 3314.33 3518.59 
 121 3554.50 3179.01 3518.59 
 122 3484.11 2973.72 3554.50 
 123 3593.63 3149.21 3554.50 
 124 3627.13 3146.71 3593.63 
 125 3557.13 2842.54 3627.13 
 126 3646.55 2997.84 3627.13 
 127 3678.18 3008.93 3646.55 
 128 3618.79 2814.32 3678.18 
 129 3652.80 2943.11 3678.18 
 130 3577.41 2875.73 3678.18 
 131 3631.35 2880.00 3678.18 
 132 3786.07 3124.75 3678.18 
 133 3630.92 3091.65 3786.07 
 134 3636.70 3200.87 3786.07 
 135 3770.97 3255.11 3786.07 
 136 3685.54 3274.16 3786.07 
 137 3915.74 3418.70 3786.07 
 138 3718.42 3334.91 3915.74 
 139 3858.44 3398.82 3915.74 
 140 3728.78 3309.26 3915.74 
 141 3681.53 3339.11 3915.74 
 142 3786.98 3324.43 3915.74 
 143 3662.85 3331.80 3915.74 
 144 3692.40 3207.02 3915.74 
 145 3769.22 3441.24 3915.74 
 146 3890.30 3300.97 3915.74 
 147 3866.73 3465.61 3915.74 
 148 3850.17 3393.05 3915.74 
 149 3891.86 3138.04 3915.74 
 150 3833.07 3223.50 3915.74 
 151 3870.19 3247.66 3915.74 
 152 3989.31 3291.52 3915.74 
 153 3796.32 3493.31 3989.31 
 154 3931.80 3387.91 3989.31 
 155 3871.04 3363.36 3989.31 
 156 3906.68 3297.94 3989.31 
 157 3937.54 3308.97 3989.31 
 158 3946.80 3438.50 3989.31 
 159 4021.48 3398.33 3989.31 
 160 4001.95 3688.17 4021.48 
 161 4011.40 3500.13 4021.48 
 162 3961.20 3776.08 4021.48 
 163 4001.21 3840.47 4021.48 
 164 4067.85 3599.81 4021.48 
 165 4019.44 3881.45 4067.85 
 166 4066.83 3915.80 4067.85 
 167 4120.73 4145.65 4067.85 
 168 4090.11 4053.86 4120.73 
 169 3970.42 4106.24 4120.73 
 170 4000.39 3925.32 4120.73 
 171 4129.19 3849.97 4120.73 
 172 3968.00 4175.37 4129.19 
 173 4013.28 4029.94 4129.19 
 174 4079.05 4143.02 4129.19 
 175 4049.46 4092.72 4129.19 
 176 4024.60 4103.60 4129.19 
 177 3965.42 3990.80 4129.19 
 178 4051.87 4074.92 4129.19 
 179 4108.85 3949.41 4129.19 
 180 4111.76 3745.01 4129.19 
 181 4149.95 4066.45 4129.19 
 182 4093.10 4164.82 4149.95 
 183 4231.71 4033.13 4149.95 
 184 4126.14 3815.74 4231.71 
 185 4167.01 3830.44 4231.71 
 186 4195.95 3920.14 4231.71 
 187 4297.43 4245.92 4231.71 
 188 4115.61 4181.68 4297.43 
 189 4197.50 4219.11 4297.43 
 190 4222.71 4215.15 4297.43 
 191 4146.68 4074.18 4297.43 
 192 4287.46 4158.35 4297.43 
 193 4106.40 4244.03 4297.43 
 194 4181.73 4233.19 4297.43 
 195 4155.06 4220.51 4297.43 
 196 4221.32 4259.50 4297.43 
 197 4198.08 4176.57 4297.43 
 198 4269.05 4138.90 4297.43 
 199 4233.81 4167.87 4297.43 
 200 4166.96 3963.07 4297.43 
 201 4235.57 4268.50 4297.43 
 202 4139.39 4193.96 4297.43 
 203 4301.68 4095.62 4297.43 
 204 4215.88 4136.15 4301.68 
 205 4259.38 3971.45 4301.68 
 206 4275.87 3888.09 4301.68 
 207 4294.00 4043.28 4301.68 
 208 4232.73 3873.84 4301.68 
 209 4225.52 3663.69 4301.68 
 210 4313.59 3940.61 4301.68 
 211 4239.81 3923.96 4313.59 
 212 4236.89 4057.25 4313.59 
 213 4386.06 3909.09 4313.59 
 214 4253.18 4010.00 4386.06 
 215 4281.27 4288.79 4386.06 
 216 4273.20 4287.15 4386.06 
 217 4295.76 4401.61 4386.06 
 218 4323.35 4416.72 4386.06 
 219 4370.31 4379.26 4386.06 
 220 4365.25 4337.41 4386.06 
 221 4338.31 4393.29 4386.06 
 222 4300.66 4352.65 4386.06 
 223 4382.76 4406.61 4386.06 
 224 4324.98 4442.26 4386.06 
 225 4362.86 4425.12 4386.06 
 226 4309.34 4409.27 4386.06 
 227 4346.32 4358.21 4386.06 
 228 4428.97 4299.35 4386.06 
 229 4405.13 4302.99 4428.97 
 230 4337.65 4130.47 4428.97 
 231 4464.90 4270.88 4428.97 
 232 4383.92 4092.72 4464.90 
 233 4337.92 3772.53 4464.90 
 234 4358.90 3978.26 4464.90 
 235 4428.59 3918.44 4464.90 
 236 4323.57 3890.27 4464.90 
 237 4349.48 4075.31 4464.90 
 238 4391.48 4052.69 4464.90 
 239 4424.77 4113.95 4464.90 
 240 4398.61 4426.03 4464.90 
 241 4276.32 4372.01 4464.90 
 242 4419.86 4489.53 4464.90 
 243 4389.15 3924.51 4464.90 
 244 4380.12 3996.64 4464.90 
 245 4361.14 4179.13 4464.90 
 246 4404.27 4244.47 4464.90 
 247 4365.97 4137.27 4464.90 
 248 4399.87 4179.20 4464.90 
 249 4334.24 4169.35 4464.90 
 250 4432.64 4190.86 4464.90 
 251 4447.36 4237.82 4464.90 
 252 4457.35 4049.13 4464.90 
 253 4377.00 4069.66 4464.90 
 254 4508.67 3939.71 4464.90 
 255 4413.58 3940.27 4508.67 
 256 4399.48 3722.50 4508.67 
 257 4402.01 4293.84 4508.67 
 258 4390.88 4238.83 4508.67 
 259 4493.97 4336.06 4508.67 
 260 4434.54 4363.75 4508.67 
 261 4513.22 4337.54 4508.67 
 262 4494.77 4283.77 4513.22 
 263 4483.75 4509.99 4513.22 
 264 4462.76 4488.73 4513.22 
 265 4477.49 4389.76 4513.22 
 266 4536.69 4565.26 4513.22 
 267 4582.94 4613.65 4536.69 
 268 4617.49 4531.77 4582.94 
 269 4564.80 4450.79 4617.49 
 270 4538.54 4516.28 4617.49 
 271 4565.59 4641.96 4617.49 
 272 4621.35 4669.22 4617.49 
 273 4567.10 4663.45 4621.35 
 274 4545.59 4475.60 4621.35 
 275 4568.51 4614.13 4621.35 
 276 4515.27 4512.39 4621.35 
 277 4524.36 4474.78 4621.35 
 278 4483.03 4379.63 4621.35 
 279 4516.99 4401.13 4621.35 
 280 4499.09 4363.30 4621.35 
 281 4464.03 4270.97 4621.35 
 282 4494.96 4246.76 4621.35 
 283 4488.85 4373.12 4621.35 
 284 4526.65 4471.98 4621.35 
 285 4555.75 4578.25 4621.35 
 286 4602.10 4444.26 4621.35 
 287 4667.38 4417.36 4621.35 
 288 4624.88 4687.48 4667.38 
 289 4660.23 4699.47 4667.38 
 290 4428.45 4451.97 4667.38 
 291 4605.70 4689.31 4667.38 
 292 4613.20 4675.44 4667.38 
 293 4533.35 4646.51 4667.38 
 294 4639.69 4431.58 4667.38 
 295 4466.29 4665.55 4667.38 
 296 4589.42 4718.98 4667.38 
 297 4665.92 4659.84 4667.38 
 298 4623.92 4567.56 4667.38 
 299 4559.91 4595.38 4667.38 
 300 4638.07 4699.94 4667.38 
 301 4562.38 4714.21 4667.38 
 302 4575.26 4739.49 4667.38 
 303 4487.56 4712.49 4667.38 
 304 4624.62 4772.59 4667.38 
 305 4662.70 4761.04 4667.38 
 306 4632.03 4684.33 4667.38 
 307 4661.50 4708.20 4667.38 
 308 4592.22 4719.18 4667.38 
 309 4687.94 4694.88 4667.38 
 310 4608.72 4738.84 4687.94 
 311 4651.42 4610.45 4687.94 
 312 4720.26 4613.61 4687.94 
 313 4687.78 4584.28 4720.26 
 314 4657.98 4683.17 4720.26 
 315 4621.86 4617.59 4720.26 
 316 4694.22 4628.24 4720.26 
 317 4683.74 4687.51 4720.26 
 318 4752.38 4745.59 4720.26 
 319 4716.81 4728.10 4752.38 
 320 4671.27 4681.83 4752.38 
 321 4667.60 4765.63 4752.38 
 322 4774.78 4768.56 4752.38 
 323 4680.08 4761.27 4774.78 
 324 4679.87 4758.45 4774.78 
 325 4755.07 4765.97 4774.78 
 326 4666.52 4784.54 4774.78 
 327 4726.51 4783.59 4774.78 
 328 4667.01 4776.91 4774.78 
