Iter | Sampling Pol | Evaluation Pol | Best (Sampled) 
   0 -261.56 -242.93 -100000000.00 
   3 1627.51 1908.38 1483.99 
   1 -55.24 -52.75 -55.37 
   4 1637.45 2187.63 1627.51 
   1 -6.90 -0.92 -7.08 
   1 -262.29 -243.21 -261.56 
   5 1665.00 2524.15 1637.45 
   2 -54.67 -54.28 -55.24 
   6 1663.61 2350.27 1665.00 
   2 -4.62 -0.34 -6.90 
   2 -261.05 -242.31 -261.56 
   7 1587.46 2501.74 1665.00 
   3 -53.71 -54.36 -54.67 
   8 1695.05 2233.05 1665.00 
   3 -4.13 -3.38 -4.62 
   9 1744.55 2427.49 1695.05 
   4 -54.03 -53.28 -53.71 
   3 -259.72 -239.85 -261.05 
   4 -5.28 13.60 -4.13 
  10 1871.11 2660.99 1744.55 
  11 1797.72 2622.24 1871.11 
   5 -54.00 -52.30 -53.71 
   4 -257.68 -238.99 -259.72 
  12 1496.06 2337.92 1871.11 
   5 -3.68  4.99 -4.13 
   6 -53.42 -50.95 -53.71 
  13 1880.07 2021.84 1871.11 
   5 -255.55 -238.77 -257.68 
  14 1855.73 2272.48 1880.07 
   6 -4.09 31.68 -3.68 
   7 -52.79 -50.76 -53.42 
  15 1939.22 2352.77 1880.07 
   6 -254.60 -234.49 -255.55 
  16 1645.28 2254.88 1939.22 
   8 -52.62 -50.58 -52.79 
   7 -2.90 30.02 -3.68 
  17 2077.83 2141.65 1939.22 
   7 -252.38 -228.09 -254.60 
  18 1884.34 2346.12 2077.83 
   8 -2.52  3.00 -2.90 
   9 -52.60 -50.45 -52.62 
  19 2109.62 2279.49 2077.83 
   8 -248.61 -229.48 -252.38 
  20 1912.43 2512.32 2109.62 
  21 2052.12 2167.46 2109.62 
   9 -3.67 -2.95 -2.52 
  10 -50.13 -50.37 -52.60 
  22 1834.82 2531.59 2109.62 
   9 -245.03 -229.03 -248.61 
  23 1790.74 2526.01 2109.62 
  24 2400.87 2778.96 2109.62 
  11 -49.02 -50.38 -50.13 
  10 -0.81 -3.07 -2.52 
  10 -235.84 -229.00 -245.03 
  25 2071.46 2724.76 2400.87 
  26 2091.76 2638.35 2400.87 
  11 -2.33 -2.75 -0.81 
  27 2083.35 2790.58 2400.87 
  12 -38.17 -50.55 -49.02 
  11 -143.86 -229.03 -235.84 
  28 2401.09 2707.25 2400.87 
  12  0.05 -2.77 -0.81 
  29 2352.12 2600.55 2401.09 
  13 -43.55 -50.52 -38.17 
  13  2.87 -2.91  0.05 
  12 -216.74 -171.16 -143.86 
  30 2173.44 2555.33 2401.09 
  31 2521.47 2842.53 2401.09 
  14 -30.74 -50.43 -38.17 
  14 -1.54 -3.09  2.87 
  32 2344.18 2844.04 2521.47 
  13 -98.10 -153.68 -143.86 
  33 2452.71 2668.27 2521.47 
  15 -41.99 -50.63 -30.74 
  15 -0.17 -3.18  2.87 
  34 2291.06 2768.77 2521.47 
  14 -124.26 -103.19 -98.10 
  35 2454.09 2867.82 2521.47 
  16 -43.43 -50.67 -30.74 
  16  1.62 -2.94  2.87 
  36 2349.75 2722.50 2521.47 
  37 2223.64 2769.95 2521.47 
  17 -50.22 -49.43 -30.74 
  38 2376.09 2594.78 2521.47 
  17  1.09 -2.90  2.87 
  15 53.76 67.49 -98.10 
  39 2383.28 2737.41 2521.47 
  18  0.96  9.17  2.87 
  40 2358.73 2664.34 2521.47 
  18 -44.95 -50.84 -30.74 
  41 2488.01 2731.40 2521.47 
  19  3.62 -0.22  2.87 
  16 117.67 574.92 53.76 
  42 2460.76 2741.32 2521.47 
  19 -43.37 -50.80 -30.74 
  43 2649.41 2724.56 2521.47 
  20  5.03 12.62  3.62 
  20 -31.74 -51.11 -30.74 
  17 65.75 352.86 117.67 
  44 2491.43 2819.72 2649.41 
  21  7.72  8.56  5.03 
  45 2620.36 2968.59 2649.41 
  21 -39.55 -50.97 -30.74 
  46 2476.13 2770.98 2649.41 
  18 71.73 62.78 117.67 
  22  6.50 29.25  7.72 
  47 2512.33 3169.61 2649.41 
  22 -45.16 -51.03 -30.74 
  48 2563.07 3152.44 2649.41 
  19  4.44 -2.18 117.67 
  23 12.11 14.90  7.72 
  49 2802.71 2926.42 2649.41 
  23 -24.57 -51.07 -30.74 
  24 10.82 29.16 12.11 
  50 2752.62 2870.69 2802.71 
  20 73.70  8.39 117.67 
  24 -29.25 -51.15 -24.57 
  51 2677.79 3058.74 2802.71 
  25  6.13 56.20 12.11 
  52 2574.36 2895.38 2802.71 
  21 -1.86 13.17 117.67 
  25 -28.60 -51.06 -24.57 
  53 2723.74 3311.17 2802.71 
  26 28.82 55.05 12.11 
  54 2616.37 3346.27 2802.71 
  22 67.90 16.71 117.67 
  55 2570.72 2981.95 2802.71 
  26 -18.33 -51.04 -24.57 
  27 10.01 58.76 28.82 
  56 2662.83 3366.39 2802.71 
  23 63.17 22.45 117.67 
  57 2764.73 3179.82 2802.71 
  27 -5.61 -49.95 -18.33 
  28 16.13 62.13 28.82 
  24 164.28 514.45 117.67 
  58 2955.16 3470.28 2802.71 
  28 -17.57 -51.17 -5.61 
  59 2729.33 3152.50 2955.16 
  29 18.81 77.81 28.82 
  60 2914.26 3118.09 2955.16 
  25 324.45 583.61 164.28 
  29 -17.79 -51.15 -5.61 
  61 2658.58 3281.37 2955.16 
  30 18.07 64.60 28.82 
  62 3025.29 3486.83 2955.16 
  63 2870.90 3678.48 3025.29 
  26 358.16 -13.15 324.45 
  30 43.86 -49.18 -5.61 
  31 18.77 85.11 28.82 
  64 2801.05 3623.10 3025.29 
  31 33.98 -42.85 43.86 
  65 2740.20 3393.74 3025.29 
  27 154.19 1122.10 358.16 
  32 24.82 115.08 28.82 
  32 59.30 -47.97 43.86 
  66 2851.47 3835.04 3025.29 
  67 2812.44 3770.01 3025.29 
  68 2638.60 3706.05 3025.29 
  33 21.49 82.15 28.82 
  33 138.02 -51.24 59.30 
  28 50.42 1537.81 358.16 
  69 2962.42 3752.91 3025.29 
  70 2728.44 3570.15 3025.29 
  34 35.22 86.18 28.82 
  34 132.51 -51.21 138.02 
  29 516.50 1988.58 358.16 
  71 2817.88 3641.13 3025.29 
  72 2930.79 3533.43 3025.29 
  35 37.95 89.69 35.22 
  73 3039.60 3827.15 3025.29 
  35 196.29 -51.30 138.02 
  30 157.34 17.66 516.50 
  74 2641.34 3673.88 3039.60 
  36 24.80 87.97 37.95 
  75 2735.27 3861.88 3039.60 
  36 160.82 -51.06 196.29 
  76 2991.45 3649.20 3039.60 
  37 27.73 67.00 37.95 
  31 509.90 1612.71 516.50 
  77 2973.70 3741.48 3039.60 
  37 241.93 -49.89 196.29 
  38 40.48 43.53 37.95 
  78 2779.31 3758.49 3039.60 
  32 280.27 4389.96 516.50 
  79 3024.36 3802.75 3039.60 
  38 402.52 61.22 241.93 
  39 30.02 49.47 40.48 
  80 2822.81 3662.19 3039.60 
  39 379.05 705.55 402.52 
  81 3168.70 3922.95 3039.60 
  33 704.74 3832.39 516.50 
  82 2684.14 3693.15 3168.70 
  40 44.96 51.77 40.48 
  83 3025.08 3882.41 3168.70 
  34 533.75 3326.08 704.74 
  84 3223.24 3682.51 3168.70 
  40 429.95 1479.62 402.52 
  41 51.01 50.46 44.96 
  85 3112.01 3247.81 3223.24 
  86 3195.80 3367.68 3223.24 
  35 766.86 5129.46 704.74 
  41 539.91 1242.70 429.95 
  42 51.34 75.11 51.01 
  87 3168.05 3471.03 3223.24 
  88 2847.89 3830.46 3223.24 
  89 2864.54 3314.90 3223.24 
  42 744.42 1382.61 539.91 
  43 51.43 97.19 51.34 
  36 916.74 5101.74 766.86 
  90 3077.62 3481.32 3223.24 
  91 2944.84 3400.29 3223.24 
  43 721.71 1319.16 744.42 
  92 2859.72 3443.98 3223.24 
  44 53.12 101.34 51.43 
  37 713.69 5684.72 916.74 
  93 3338.91 3239.21 3223.24 
  44 872.59 1629.51 744.42 
  94 2904.79 3117.44 3338.91 
  45 61.49 158.08 53.12 
  38 1230.20 4902.76 916.74 
  95 3283.65 3015.65 3338.91 
  45 848.49 1453.88 872.59 
  96 2859.44 3082.61 3338.91 
  46 74.26 89.53 61.49 
  97 2673.72 2884.79 3338.91 
  39 1251.40 4000.20 1230.20 
  46 848.41 1465.46 872.59 
  98 2937.75 2897.68 3338.91 
  47 98.45 112.28 74.26 
  99 3084.73 2863.59 3338.91 
 100 2924.07 2901.31 3338.91 
  47 895.50 1788.96 872.59 
  48 85.75 162.39 98.45 
 101 3050.85 3264.15 3338.91 
  40 1153.31 6398.24 1251.40 
 102 3128.91 3468.83 3338.91 
  48 1099.91 1984.39 895.50 
 103 3042.87 3401.81 3338.91 
  49 107.14 248.75 98.45 
  41 1922.76 5851.93 1251.40 
  49 1053.30 1803.39 1099.91 
 104 3058.08 3516.46 3338.91 
 105 3256.38 3653.23 3338.91 
  50 97.36 124.01 107.14 
  50 958.58 1799.70 1099.91 
  42 2208.25 5898.86 1922.76 
 106 3266.39 3652.66 3338.91 
 107 2935.11 3606.67 3338.91 
  51 101.48 126.97 107.14 
  43 2295.54 6406.63 2208.25 
  51 1262.19 1684.69 1099.91 
 108 2849.02 3129.58 3338.91 
 109 3055.66 3339.36 3338.91 
  52 84.52 142.40 107.14 
  52 1118.22 1712.58 1262.19 
 110 3149.40 3305.67 3338.91 
  44 3261.20 4845.40 2295.54 
 111 2933.59 3275.66 3338.91 
  53 143.11 134.67 107.14 
 112 3187.17 3334.87 3338.91 
  53 1299.95 1899.63 1262.19 
  45 3284.34 5811.70 3261.20 
 113 2871.93 3381.21 3338.91 
  54 158.08 116.57 143.11 
 114 3088.25 3381.37 3338.91 
  54 1395.94 2056.50 1299.95 
 115 3003.11 3583.58 3338.91 
  46 3657.43 7981.29 3284.34 
  55 163.71 232.44 158.08 
 116 3175.41 3496.90 3338.91 
  55 1295.96 2038.34 1395.94 
 117 3230.32 3514.67 3338.91 
  47 4125.60 6471.44 3657.43 
  56 1496.13 1887.56 1395.94 
  56 189.45 160.19 163.71 
 118 2883.56 3473.99 3338.91 
 119 2899.53 3281.48 3338.91 
  48 3074.16 7148.00 4125.60 
  57 1433.43 2295.11 1496.13 
 120 3212.94 3381.40 3338.91 
  57 207.30 226.99 189.45 
  49 4483.96 6806.58 4125.60 
 121 3328.59 3618.80 3338.91 
  58 1530.92 2033.19 1496.13 
 122 3231.39 3580.94 3338.91 
  58 238.82 193.49 207.30 
 123 2702.29 3626.72 3338.91 
  50 4837.22 8623.13 4483.96 
  59 1528.40 2119.66 1530.92 
 124 3271.98 3439.87 3338.91 
  59 219.50 467.83 238.82 
  60 1617.58 2179.13 1530.92 
 125 3387.58 3619.38 3338.91 
  51 4707.63 9328.61 4837.22 
 126 3170.70 3743.92 3387.58 
  60 252.69 307.75 238.82 
  61 1657.97 2079.83 1617.58 
 127 3240.23 3565.39 3387.58 
  52 3902.56 6990.65 4837.22 
 128 3124.58 3488.17 3387.58 
  61 265.65 413.16 252.69 
 129 3281.44 3502.83 3387.58 
  62 1790.97 2153.25 1657.97 
  53 5265.08 11667.65 4837.22 
 130 3116.98 3632.79 3387.58 
  62 260.52 341.52 265.65 
  63 1756.74 2212.73 1790.97 
 131 2959.67 3800.88 3387.58 
  54 5813.11 9439.62 5265.08 
 132 3040.85 3709.51 3387.58 
 133 3337.30 3794.76 3387.58 
  63 304.99 406.19 265.65 
  64 1873.53 2264.60 1790.97 
  55 3809.45 14159.43 5813.11 
 134 3238.24 3564.95 3387.58 
 135 3053.60 3536.02 3387.58 
  65 1747.14 2362.64 1873.53 
  56 6256.25 11952.94 5813.11 
  64 371.78 386.71 304.99 
 136 3403.70 3873.61 3387.58 
 137 3324.96 3531.79 3403.70 
  66 1793.04 2350.42 1873.53 
  57 4596.46 12252.52 6256.25 
 138 3272.93 3639.00 3403.70 
  65 417.74 366.05 371.78 
 139 3234.93 3624.91 3403.70 
  67 1774.85 2247.90 1873.53 
  58 5646.36 12135.41 6256.25 
 140 3351.23 3634.09 3403.70 
  66 370.52 512.05 417.74 
  68 2007.40 2348.64 1873.53 
 141 3175.53 3556.94 3403.70 
  59 6080.30 9474.65 6256.25 
 142 3345.21 3322.44 3403.70 
  67 419.32 639.91 417.74 
 143 3690.24 3603.10 3403.70 
  69 2127.57 2092.58 2007.40 
  60 5943.30 10789.91 6256.25 
 144 3330.54 3617.51 3690.24 
  68 363.49 644.41 419.32 
  70 2072.60 1974.21 2127.57 
 145 3399.14 3613.90 3690.24 
 146 3123.59 3625.75 3690.24 
  61 5025.47 11345.63 6256.25 
  69 362.07 643.40 419.32 
  71 2161.01 2497.19 2127.57 
 147 3423.19 3649.43 3690.24 
 148 3116.50 3688.86 3690.24 
 149 2958.00 3636.00 3690.24 
  62 6445.52 14475.03 6256.25 
  72 2105.75 2333.21 2161.01 
  70 484.24 783.98 419.32 
 150 3289.27 3740.47 3690.24 
 151 3386.85 3934.22 3690.24 
  63 5704.57 12742.42 6445.52 
  73 2113.89 2348.22 2161.01 
  71 516.92 663.11 484.24 
 152 3143.96 3646.33 3690.24 
 153 3448.97 3650.92 3690.24 
  64 5286.77 9748.43 6445.52 
  74 2241.79 2511.08 2161.01 
 154 3129.32 3762.00 3690.24 
  72 480.48 769.13 516.92 
 155 3264.61 3836.99 3690.24 
 156 3348.12 4130.83 3690.24 
  75 2194.95 2294.71 2241.79 
  65 7039.52 12044.61 6445.52 
  73 526.84 648.52 516.92 
 157 3429.59 3650.84 3690.24 
 158 3292.42 3515.97 3690.24 
  76 2159.53 2336.42 2241.79 
  66 6168.67 11020.08 7039.52 
 159 3398.68 3605.53 3690.24 
  74 554.49 863.83 526.84 
  77 2256.79 2466.88 2241.79 
 160 3402.54 3602.12 3690.24 
  67 7441.60 10977.74 7039.52 
  75 540.02 1203.90 554.49 
 161 3457.46 3406.27 3690.24 
  78 2351.74 2468.75 2256.79 
 162 3307.62 3531.09 3690.24 
  68 6805.60 13000.82 7441.60 
 163 3241.58 3405.79 3690.24 
  76 561.61 773.39 554.49 
  79 2263.69 2540.11 2351.74 
 164 3619.82 3503.50 3690.24 
  69 6354.05 11488.32 7441.60 
 165 3452.41 3519.94 3690.24 
  77 603.74 849.45 561.61 
 166 3350.97 4032.75 3690.24 
 167 3398.63 3835.07 3690.24 
  80 2341.17 2509.02 2351.74 
  70 7211.16 14383.81 7441.60 
  78 602.50 990.28 603.74 
 168 3347.64 4066.42 3690.24 
 169 3270.86 4124.65 3690.24 
  81 2346.74 2511.94 2351.74 
 170 3332.74 4042.47 3690.24 
  71 7640.05 12357.41 7441.60 
  79 615.22 874.23 603.74 
 171 3303.52 3947.30 3690.24 
  82 2343.40 2614.67 2351.74 
 172 3453.54 4265.86 3690.24 
  72 8719.60 10025.26 7640.05 
  83 2437.98 2372.53 2351.74 
 173 3441.22 4201.53 3690.24 
  80 680.71 994.40 615.22 
 174 3444.60 4058.41 3690.24 
  73 6882.94 10728.56 8719.60 
  84 2365.61 2477.55 2437.98 
 175 3434.57 3560.59 3690.24 
 176 3370.61 3964.21 3690.24 
  81 616.88 1068.17 680.71 
  74 7460.09 9429.98 8719.60 
  85 2414.74 2591.01 2437.98 
 177 3498.31 3632.30 3690.24 
 178 3368.97 4004.38 3690.24 
  82 740.35 1231.78 680.71 
  75 7383.60 10743.81 8719.60 
  86 2440.63 2598.62 2437.98 
 179 3593.86 3835.32 3690.24 
 180 3506.31 4187.10 3690.24 
  83 794.90 1139.59 740.35 
 181 3326.93 4058.34 3690.24 
  87 2461.26 2664.86 2440.63 
  76 8196.70 12013.45 8719.60 
 182 3595.70 4163.40 3690.24 
 183 3683.75 4028.72 3690.24 
  84 849.31 1062.43 794.90 
  88 2511.35 2710.83 2461.26 
  77 8919.22 14147.96 8719.60 
 184 3836.20 4111.00 3690.24 
 185 3554.38 4067.32 3836.20 
  85 718.90 1226.52 849.31 
  89 2532.00 2688.73 2511.35 
  78 7014.04 13456.41 8919.22 
 186 3446.29 4005.54 3836.20 
 187 3303.00 4096.14 3836.20 
  86 748.05 1496.00 849.31 
  90 2539.95 2753.82 2532.00 
  79 9206.26 14135.26 8919.22 
 188 3488.36 3923.91 3836.20 
 189 3899.27 4041.62 3836.20 
  91 2536.23 2754.24 2539.95 
 190 3346.18 3899.47 3899.27 
  87 905.23 1432.15 849.31 
  92 2585.93 2764.46 2539.95 
 191 3583.46 3957.29 3899.27 
 192 3578.06 3814.06 3899.27 
  80 8116.50 13893.85 9206.26 
  93 2536.37 2759.93 2585.93 
 193 3584.91 3982.42 3899.27 
  81 7691.00 12375.97 9206.26 
  88 931.06 1556.79 905.23 
 194 3437.76 4235.86 3899.27 
  94 2530.42 2693.76 2585.93 
 195 3846.80 4197.45 3899.27 
  82 8049.82 11327.12 9206.26 
 196 3636.11 4057.45 3899.27 
  95 2568.59 2713.00 2585.93 
  89 1070.25 1346.43 931.06 
 197 3596.70 4001.97 3899.27 
  83 7723.29 12636.55 9206.26 
 198 3642.31 4145.93 3899.27 
  96 2630.31 2718.39 2585.93 
  90 1015.88 1450.79 1070.25 
  84 8811.22 14125.78 9206.26 
 199 3602.87 4200.22 3899.27 
  97 2613.42 2766.47 2630.31 
 200 3468.81 4087.80 3899.27 
  85 8655.26 14368.33 9206.26 
  91 1064.63 1213.35 1070.25 
 201 3628.09 4126.71 3899.27 
  98 2616.67 2742.74 2630.31 
  86 8331.00 14692.91 9206.26 
 202 3628.85 4187.38 3899.27 
  99 2684.65 2850.99 2630.31 
  92 877.27 1312.48 1070.25 
 203 3655.64 4145.00 3899.27 
  87 9286.27 15200.42 9206.26 
 204 3601.98 4272.86 3899.27 
 100 2605.09 2792.68 2684.65 
 205 3655.93 3942.27 3899.27 
  93 936.68 1444.31 1070.25 
  88 7896.00 10282.59 9286.27 
 206 3744.93 4401.44 3899.27 
 101 2660.25 2857.70 2684.65 
 207 3687.67 4399.76 3899.27 
  94 1105.33 1380.05 1070.25 
  89 8539.51 14119.37 9286.27 
 208 3511.78 4203.71 3899.27 
 102 2617.67 2869.05 2684.65 
 209 3746.73 4074.60 3899.27 
 210 3816.45 4013.01 3899.27 
 211 3722.09 4039.99 3899.27 
  90 8205.32 12161.14 9286.27 
 103 2672.13 2726.38 2684.65 
  95 1195.87 1600.88 1105.33 
 212 3844.95 3858.85 3899.27 
 104 2712.51 2653.99 2684.65 
 213 3571.00 3964.92 3899.27 
  91 9069.03 12088.15 9286.27 
  96 1090.86 1910.11 1195.87 
 214 3854.80 3822.53 3899.27 
 105 2667.95 2659.14 2712.51 
 215 3397.01 3932.18 3899.27 
  92 9025.29 13429.83 9286.27 
 216 3639.15 3872.68 3899.27 
  97 1137.55 1770.13 1195.87 
 106 2761.60 2805.52 2712.51 
 217 3563.88 3990.36 3899.27 
 218 3467.54 4012.29 3899.27 
  93 8509.23 13385.34 9286.27 
  98 1120.98 1819.34 1195.87 
 107 2704.47 2510.40 2761.60 
 219 3345.46 4187.67 3899.27 
 220 3445.97 3852.88 3899.27 
  94 8646.12 13665.76 9286.27 
 108 2764.04 2833.16 2761.60 
  99 1175.07 1635.43 1195.87 
 221 3600.53 3542.39 3899.27 
 222 3628.29 3941.34 3899.27 
  95 10315.54 12260.28 9286.27 
 109 2680.74 2771.48 2764.04 
 223 3739.98 4176.49 3899.27 
 100 1153.74 1803.88 1195.87 
 224 3693.47 3895.24 3899.27 
  96 10086.35 14829.87 10315.54 
 225 3855.97 3970.71 3899.27 
 110 2708.26 2946.52 2764.04 
 101 1195.84 1908.08 1195.87 
 226 3481.55 4306.51 3899.27 
  97 9751.62 16184.85 10315.54 
 227 3970.64 4327.26 3899.27 
 111 2729.68 2829.08 2764.04 
 228 3920.88 4173.09 3970.64 
 102 1226.30 1786.27 1195.87 
 229 3915.56 4025.49 3970.64 
  98 9524.50 13615.54 10315.54 
 112 2656.64 2898.57 2764.04 
 103 1246.15 2101.17 1226.30 
 230 3575.65 4210.56 3970.64 
 231 3886.61 4110.94 3970.64 
 113 2731.63 2966.41 2764.04 
 232 3755.30 4176.56 3970.64 
  99 10058.50 13320.54 10315.54 
 104 1299.92 1882.48 1246.15 
 233 3870.47 4079.33 3970.64 
 114 2769.11 2849.43 2764.04 
 234 3809.85 4123.14 3970.64 
 100 9408.58 11244.09 10315.54 
 235 3874.33 3897.52 3970.64 
 115 2736.26 2984.24 2769.11 
 105 1317.15 1774.27 1299.92 
 236 3812.83 4148.07 3970.64 
 237 3908.22 4239.16 3970.64 
 101 9675.46 15538.49 10315.54 
 116 2693.47 2981.26 2769.11 
 106 1178.64 2036.47 1317.15 
 238 3926.30 3833.12 3970.64 
 239 3732.64 4192.13 3970.64 
 102 9132.33 16000.03 10315.54 
 117 2750.12 2975.96 2769.11 
 107 1251.20 1942.44 1317.15 
 240 3843.39 3969.88 3970.64 
 118 2886.10 2948.72 2769.11 
 241 3826.84 4112.74 3970.64 
 103 9709.90 11560.02 10315.54 
 108 1249.46 2114.76 1317.15 
 119 2834.03 2985.33 2886.10 
 242 3944.54 3970.11 3970.64 
 243 3747.91 4220.53 3970.64 
 104 9518.32 8255.33 10315.54 
 244 3926.65 4100.34 3970.64 
 109 1378.16 1623.77 1317.15 
 245 3717.79 4356.16 3970.64 
 105 8814.67 12097.83 10315.54 
 120 2908.10 3007.95 2886.10 
 246 3793.07 4384.56 3970.64 
 110 1361.30 1687.17 1378.16 
 247 3951.32 4223.70 3970.64 
 106 9268.18 8224.86 10315.54 
 121 2905.38 3023.85 2908.10 
 248 3823.10 4273.10 3970.64 
 249 3708.45 4244.69 3970.64 
 111 1331.54 1867.54 1378.16 
 122 2820.57 3025.01 2908.10 
 107 9224.70 15911.36 10315.54 
 250 3696.46 4152.39 3970.64 
 251 3599.69 4198.16 3970.64 
 112 1334.27 1957.30 1378.16 
 123 2857.21 3024.05 2908.10 
 252 3936.61 4416.19 3970.64 
 108 10310.63 10314.28 10315.54 
 253 3780.31 4518.07 3970.64 
 124 2881.55 3035.35 2908.10 
 254 3815.30 4383.03 3970.64 
 113 1443.49 2012.14 1378.16 
 109 9571.95 16030.30 10315.54 
 255 3872.12 4241.36 3970.64 
 125 2818.09 3034.01 2908.10 
 256 3612.93 4322.94 3970.64 
 114 1373.04 1894.87 1443.49 
 110 10057.23 14191.82 10315.54 
 257 3815.79 4187.91 3970.64 
 126 2871.64 3036.36 2908.10 
 258 3960.13 4289.88 3970.64 
 259 3900.85 4252.24 3970.64 
 111 9680.42 10462.67 10315.54 
 127 2866.20 3052.39 2908.10 
 115 1537.65 1949.73 1443.49 
 260 3878.38 4276.29 3970.64 
 261 3963.27 4366.14 3970.64 
 128 2873.75 2970.43 2908.10 
 112 9123.80 14776.65 10315.54 
 262 4013.28 4181.56 3970.64 
 116 1403.24 2116.72 1537.65 
 263 3836.86 4237.86 4013.28 
 129 2802.12 3065.03 2908.10 
 113 10355.97 10966.07 10315.54 
 264 4008.59 4613.80 4013.28 
 117 1430.19 1989.94 1537.65 
 265 3692.09 4108.49 4013.28 
 130 2957.73 3072.37 2908.10 
 266 3997.61 4221.14 4013.28 
 114 9768.47 15249.00 10355.97 
 267 3872.82 4270.32 4013.28 
 118 1417.96 1657.21 1537.65 
 131 2867.40 3067.32 2957.73 
 268 3833.16 4104.33 4013.28 
 115 10819.18 12473.03 10355.97 
 132 2957.38 3080.88 2957.73 
 269 3730.23 4101.01 4013.28 
 119 1496.94 1892.58 1537.65 
 270 3839.81 4246.91 4013.28 
 271 3815.85 4497.27 4013.28 
 133 2911.71 3086.16 2957.73 
 116 11213.61 16206.60 10819.18 
 272 3681.26 4367.63 4013.28 
 134 2944.30 3085.29 2957.73 
 273 3993.85 4154.95 4013.28 
 120 1411.95 2000.75 1537.65 
 117 10734.09 16146.54 11213.61 
 274 3685.74 4287.33 4013.28 
 135 2996.94 3110.84 2957.73 
 275 3968.06 4338.05 4013.28 
 121 1467.22 2037.09 1537.65 
 118 9660.67 16108.89 11213.61 
 136 2951.23 3104.68 2996.94 
 276 3725.92 4312.40 4013.28 
 277 3836.99 4229.34 4013.28 
 278 3783.29 4252.95 4013.28 
 279 4086.52 4267.37 4013.28 
 122 1499.53 1952.40 1537.65 
 137 2898.93 3101.96 2996.94 
 119 10716.26 16086.17 11213.61 
 280 3887.60 4265.17 4086.52 
 138 2975.05 3102.88 2996.94 
 281 3614.00 4404.66 4086.52 
 123 1585.58 1877.24 1537.65 
 282 3903.55 4259.53 4086.52 
 139 2903.40 3092.02 2996.94 
 120 10182.87 16152.78 11213.61 
 283 3846.09 4381.57 4086.52 
 284 3833.55 4397.15 4086.52 
 124 1585.34 2022.71 1585.58 
 140 2961.63 3099.02 2996.94 
 121 10672.77 13197.90 11213.61 
 285 3835.55 4447.68 4086.52 
 286 3698.16 4194.99 4086.52 
 287 3858.00 4237.70 4086.52 
 141 2950.57 3106.30 2996.94 
 125 1592.64 1918.01 1585.58 
 122 10965.43 16155.22 11213.61 
 288 3767.79 4273.41 4086.52 
 289 4024.67 4191.58 4086.52 
 142 2970.69 3112.41 2996.94 
 123 10429.33 16212.96 11213.61 
 290 3671.92 4171.01 4086.52 
 126 1675.40 1888.61 1592.64 
 143 2970.00 3116.60 2996.94 
 291 3978.19 4140.61 4086.52 
 124 12046.18 13612.08 11213.61 
 292 3887.19 4356.97 4086.52 
 127 1708.67 2069.42 1675.40 
 144 3012.56 3126.03 2996.94 
 293 3897.89 4556.70 4086.52 
 294 3598.60 4526.84 4086.52 
 125 10902.85 16089.99 12046.18 
 295 3977.65 4283.01 4086.52 
 128 1790.29 2324.83 1708.67 
 296 3896.97 4360.52 4086.52 
 145 3016.16 3128.77 3012.56 
 126 10780.39 16262.39 12046.18 
 297 3720.63 4404.22 4086.52 
 298 3725.12 4382.04 4086.52 
 299 3719.21 4048.33 4086.52 
 146 3034.08 3130.70 3016.16 
 127 10105.60 16316.17 12046.18 
 129 1570.18 2304.17 1790.29 
 300 4107.58 4399.45 4086.52 
 147 3045.94 3133.73 3034.08 
 301 3981.01 4280.64 4107.58 
 128 11578.68 15591.99 12046.18 
 130 1720.77 2377.36 1790.29 
 302 3933.27 4368.74 4107.58 
 148 2963.52 3142.01 3045.94 
 303 4036.76 4307.51 4107.58 
 129 11857.59 16093.13 12046.18 
 304 3669.22 4166.62 4107.58 
 149 3005.19 3149.45 3045.94 
 131 1748.22 2115.77 1790.29 
 130 11281.01 14408.18 12046.18 
 305 3818.12 4407.75 4107.58 
 306 3924.70 4360.79 4107.58 
 150 2990.99 3140.55 3045.94 
 307 3740.61 4367.96 4107.58 
 131 12227.61 16120.82 12046.18 
 132 1834.68 2274.72 1790.29 
 308 3998.21 4450.97 4107.58 
 151 3022.66 3137.85 3045.94 
 132 11240.31 12017.38 12227.61 
 309 3860.68 4283.97 4107.58 
 133 1734.67 2358.97 1834.68 
 310 4106.00 4391.98 4107.58 
 152 3032.07 3137.53 3045.94 
 133 11040.61 16064.25 12227.61 
 311 3834.26 4406.91 4107.58 
 134 1771.31 2413.83 1834.68 
 312 3848.89 4411.17 4107.58 
 153 3038.30 3148.35 3045.94 
 313 3948.87 4436.71 4107.58 
 134 9954.92 13045.80 12227.61 
 314 4130.60 4557.21 4107.58 
 154 3063.11 3160.35 3045.94 
 315 3824.59 4457.30 4130.60 
 135 11918.21 16238.42 12227.61 
 135 1938.42 2318.03 1834.68 
 316 3845.73 4438.21 4130.60 
 155 3007.88 3095.96 3063.11 
 317 4040.36 4340.28 4130.60 
 136 11324.88 14327.94 12227.61 
 136 1646.37 2294.69 1938.42 
 318 3682.79 4318.46 4130.60 
 156 3063.18 3140.74 3063.11 
 319 4074.38 4309.68 4130.60 
 137 11430.86 13692.86 12227.61 
 320 4031.96 4292.79 4130.60 
 137 1972.92 2287.76 1938.42 
 321 3956.68 4465.94 4130.60 
 157 2986.66 3139.62 3063.18 
 138 11239.47 15760.74 12227.61 
 322 4272.46 4460.35 4130.60 
 138 1937.26 2242.11 1972.92 
 158 3045.52 3139.33 3063.18 
 323 3910.42 4303.01 4272.46 
 139 10595.60 15298.43 12227.61 
 324 3787.29 4365.62 4272.46 
 159 2997.33 3131.52 3063.18 
 325 3946.50 4313.60 4272.46 
 139 1847.98 2182.46 1972.92 
 140 11263.97 16177.81 12227.61 
 326 4028.28 4321.04 4272.46 
 327 4091.26 4228.32 4272.46 
 160 3001.83 3128.61 3063.18 
 141 11328.29 13111.16 12227.61 
 140 2013.09 2211.46 1972.92 
 328 3887.94 4511.41 4272.46 
 329 4026.04 4437.94 4272.46 
 161 3038.30 3144.32 3063.18 
 142 10811.27 14266.63 12227.61 
 330 3974.97 4310.14 4272.46 
 141 1964.70 2278.99 2013.09 
 331 4052.94 4183.42 4272.46 
 162 3050.36 3149.79 3063.18 
 143 12145.19 16204.23 12227.61 
 332 4156.60 4428.89 4272.46 
 142 1876.23 2366.86 2013.09 
 333 3969.39 4391.36 4272.46 
 163 3043.41 3157.61 3063.18 
 334 4065.57 4357.90 4272.46 
 144 12274.94 13448.69 12227.61 
 335 4073.93 4352.11 4272.46 
 164 3043.62 3162.96 3063.18 
 336 3943.96 4293.45 4272.46 
 145 10787.36 16220.80 12274.94 
 143 1893.87 2735.52 2013.09 
 337 4040.26 4288.21 4272.46 
 165 3016.97 3162.62 3063.18 
 338 4016.09 4456.11 4272.46 
 146 11270.10 16343.02 12274.94 
 144 1971.78 2621.71 2013.09 
 339 3844.96 4630.93 4272.46 
 166 3043.46 3160.83 3063.18 
 340 3966.18 4388.53 4272.46 
 147 11860.36 16309.34 12274.94 
 341 4012.80 4323.85 4272.46 
 145 2084.85 2618.35 2013.09 
 167 3038.57 3138.90 3063.18 
 342 3735.11 4359.69 4272.46 
 148 11544.94 15262.84 12274.94 
 168 3075.48 3144.64 3063.18 
 343 3686.36 4321.97 4272.46 
 146 2216.35 2667.66 2084.85 
 344 3901.99 4280.23 4272.46 
 345 3818.62 4268.35 4272.46 
 149 11723.65 15255.50 12274.94 
 169 3055.56 3146.76 3075.48 
 147 2054.96 2836.27 2216.35 
 346 3941.35 4452.55 4272.46 
 347 3922.65 4156.82 4272.46 
 170 3083.44 3167.02 3075.48 
 348 3773.61 4118.98 4272.46 
 150 12175.26 16173.02 12274.94 
 148 2084.27 2774.74 2216.35 
 349 4035.44 4085.26 4272.46 
 171 3107.00 3173.25 3083.44 
 350 3598.72 4222.13 4272.46 
 151 12938.01 16175.92 12274.94 
 351 3709.90 4079.56 4272.46 
 149 2046.65 2698.16 2216.35 
 172 3050.39 3174.68 3107.00 
 352 3769.19 4376.28 4272.46 
 152 11902.72 16091.09 12938.01 
 353 4038.99 4477.01 4272.46 
 354 3981.94 4136.18 4272.46 
 173 3043.11 3185.38 3107.00 
 150 1998.42 2748.62 2216.35 
 153 10957.59 13153.55 12938.01 
 355 3951.14 4244.14 4272.46 
 356 3948.95 4280.62 4272.46 
 174 3035.18 3181.76 3107.00 
 151 2085.19 2723.59 2216.35 
 154 12120.42 16119.12 12938.01 
 357 3928.82 4550.05 4272.46 
 358 4194.70 4436.01 4272.46 
 175 3085.14 3183.04 3107.00 
 359 4115.40 4422.13 4272.46 
 155 13137.55 12242.48 12938.01 
 152 2166.15 2570.26 2216.35 
 176 3089.43 3178.95 3107.00 
 360 4011.07 4115.83 4272.46 
 156 12000.51 16051.30 13137.55 
 177 2996.37 3177.66 3107.00 
 361 3990.42 4446.07 4272.46 
 153 1983.33 2831.76 2216.35 
 362 4121.64 4268.58 4272.46 
 157 11588.90 16148.27 13137.55 
 363 3868.09 4384.45 4272.46 
 178 3088.83 3182.83 3107.00 
 154 2293.92 2858.27 2216.35 
 364 4079.42 4350.29 4272.46 
 365 4158.85 4437.26 4272.46 
 366 3999.66 4278.64 4272.46 
 158 12674.14 16021.26 13137.55 
 179 3056.07 3181.25 3107.00 
 155 2045.97 3126.92 2293.92 
 367 3942.18 4283.98 4272.46 
 180 3098.45 3182.37 3107.00 
 368 3996.72 4456.00 4272.46 
 159 11951.20 13588.54 13137.55 
 156 2077.22 3002.78 2293.92 
 369 3980.28 4470.39 4272.46 
 181 3115.66 3182.99 3107.00 
 370 4198.19 4389.26 4272.46 
 371 3967.95 4167.23 4272.46 
 160 12378.92 16056.56 13137.55 
 182 3118.43 3183.18 3115.66 
 157 1993.34 2790.32 2293.92 
 372 4079.56 4402.32 4272.46 
 373 3955.03 4246.15 4272.46 
 161 12277.85 14865.33 13137.55 
 183 3017.63 3187.19 3118.43 
 158 1992.88 2870.29 2293.92 
 374 3914.73 4453.65 4272.46 
 375 4097.90 4307.20 4272.46 
 162 13010.80 16266.73 13137.55 
 376 4018.18 4290.35 4272.46 
 184 3077.28 3192.89 3118.43 
 159 2169.58 2891.40 2293.92 
 377 4096.53 4437.24 4272.46 
 378 4058.19 4453.06 4272.46 
 163 11944.25 10497.20 13137.55 
 185 3099.27 3188.57 3118.43 
 379 4216.93 4591.73 4272.46 
 380 4187.41 4281.09 4272.46 
 160 2219.09 2822.41 2293.92 
 164 12297.57 16076.12 13137.55 
 186 3112.21 3141.45 3118.43 
 381 4142.03 4489.30 4272.46 
 382 4284.96 4199.92 4272.46 
 165 13147.38 14847.25 13137.55 
 187 3057.13 3096.96 3118.43 
 161 2124.17 3092.10 2293.92 
 383 4028.64 4496.96 4284.96 
 384 4139.56 4326.67 4284.96 
 385 3891.65 4518.92 4284.96 
 166 11761.45 16130.21 13147.38 
 188 3101.14 3183.86 3118.43 
 162 2219.68 2874.09 2293.92 
 386 4207.91 4340.46 4284.96 
 387 4083.66 4514.78 4284.96 
 388 4175.99 4471.42 4284.96 
 167 12501.91 10586.49 13147.38 
 189 3111.04 3142.28 3118.43 
 163 2279.21 2593.18 2293.92 
 389 3974.62 4418.14 4284.96 
 190 3132.76 3193.71 3118.43 
 390 4087.76 4426.78 4284.96 
 168 12033.08 16282.18 13147.38 
 164 2227.56 2762.04 2293.92 
 391 4124.59 4527.73 4284.96 
 191 3131.26 3197.20 3132.76 
 392 4149.22 4567.70 4284.96 
 169 12389.89 15729.30 13147.38 
 393 4026.16 4405.67 4284.96 
 165 2265.13 2565.60 2293.92 
 192 3139.28 3198.95 3132.76 
 394 4064.57 4559.88 4284.96 
 170 12719.69 15685.35 13147.38 
 395 4075.81 4458.15 4284.96 
 396 4036.88 4524.99 4284.96 
 193 3117.63 3191.52 3139.28 
 166 2206.65 2658.47 2293.92 
 171 14028.58 16259.38 13147.38 
 397 4064.20 4440.09 4284.96 
 398 4088.84 4496.94 4284.96 
 194 3134.56 3196.02 3139.28 
 399 4112.89 4396.12 4284.96 
 172 13481.93 16344.44 14028.58 
 195 3073.36 3199.68 3139.28 
 167 2420.50 2414.99 2293.92 
 400 4034.16 4580.77 4284.96 
 173 12629.97 16285.65 14028.58 
 196 3099.11 3203.87 3139.28 
 401 4107.49 4579.15 4284.96 
 168 2355.34 2740.27 2420.50 
 174 13048.88 13267.99 14028.58 
 402 3996.90 4528.83 4284.96 
 197 3037.96 3207.33 3139.28 
 403 3974.93 4536.92 4284.96 
 169 2281.91 2969.57 2420.50 
 404 3955.68 4449.28 4284.96 
 175 12240.90 16088.67 14028.58 
 198 3064.17 3212.05 3139.28 
 405 3869.83 4432.96 4284.96 
 406 4066.17 4426.39 4284.96 
 199 3119.14 3198.33 3139.28 
 170 2233.80 2926.31 2420.50 
 176 12400.57 16291.14 14028.58 
 407 3862.71 4448.70 4284.96 
 408 4249.49 4482.20 4284.96 
 409 3991.96 4239.10 4284.96 
 177 13573.39 16291.00 14028.58 
 171 2525.49 2875.30 2420.50 
 200 3094.46 3195.98 3139.28 
 410 3993.80 4393.27 4284.96 
 411 4161.31 4412.96 4284.96 
 178 13757.58 16270.60 14028.58 
 412 3933.46 4382.76 4284.96 
 201 3094.13 3201.24 3139.28 
 172 2400.61 2906.75 2525.49 
 413 4143.57 4342.72 4284.96 
 179 12630.31 16391.97 14028.58 
 414 3997.91 4373.80 4284.96 
 202 3124.24 3200.42 3139.28 
 173 2451.21 3044.11 2525.49 
 415 4091.36 4259.78 4284.96 
 416 4256.57 4312.75 4284.96 
 180 13313.43 16308.54 14028.58 
 203 3111.14 3205.78 3139.28 
 417 4234.56 4159.96 4284.96 
 174 2531.53 3062.46 2525.49 
 418 4123.40 4265.67 4284.96 
 181 13239.31 16395.16 14028.58 
 419 4045.79 4133.80 4284.96 
 204 3136.53 3207.17 3139.28 
 175 2369.21 3026.63 2531.53 
 420 4211.17 4429.66 4284.96 
 182 12653.28 16300.23 14028.58 
 421 4133.12 4359.21 4284.96 
 205 3119.08 3205.54 3139.28 
 422 4245.20 4468.14 4284.96 
 176 2543.07 2983.94 2531.53 
 183 13955.34 16277.24 14028.58 
 423 4210.22 4373.96 4284.96 
 206 3164.55 3206.85 3139.28 
 424 4162.86 4299.05 4284.96 
 425 4002.89 4398.37 4284.96 
 184 12973.25 16243.61 14028.58 
 207 3126.54 3206.62 3164.55 
 177 2534.15 3120.64 2543.07 
 426 4207.88 4302.85 4284.96 
 427 4206.30 4444.32 4284.96 
 185 12916.54 16337.31 14028.58 
 208 3083.78 3206.59 3164.55 
 428 4210.90 4240.78 4284.96 
 178 2457.08 3317.95 2543.07 
 429 4001.27 4181.31 4284.96 
 186 13397.07 16395.03 14028.58 
 209 3169.92 3209.38 3164.55 
 430 4066.55 4384.79 4284.96 
 179 2466.52 3101.42 2543.07 
 431 3964.90 4372.41 4284.96 
 187 12944.66 16523.71 14028.58 
 210 3159.18 3204.85 3169.92 
 432 3986.62 4230.35 4284.96 
 433 4312.13 4383.27 4284.96 
 188 12909.06 16471.91 14028.58 
 211 3139.88 3209.86 3169.92 
 180 2637.64 3335.08 2543.07 
 434 4187.41 4034.39 4312.13 
 435 3913.94 4351.31 4312.13 
 436 4164.00 4261.34 4312.13 
 212 3079.19 3210.11 3169.92 
 189 13987.92 16469.52 14028.58 
 181 2561.37 3212.96 2637.64 
 437 4142.21 4246.10 4312.13 
 213 3130.26 3163.22 3169.92 
 438 4164.29 4218.95 4312.13 
 190 13670.31 16410.61 14028.58 
 182 2420.05 3115.77 2637.64 
 439 4149.89 4391.48 4312.13 
 214 3145.95 3214.47 3169.92 
 191 12871.30 16514.11 14028.58 
 440 4192.20 4161.35 4312.13 
 183 2626.11 3098.27 2637.64 
 215 3145.25 3211.70 3169.92 
 441 4104.91 4452.45 4312.13 
 192 13646.44 16548.69 14028.58 
 442 4065.59 4424.46 4312.13 
 216 3147.44 3210.58 3169.92 
 184 2486.65 3279.73 2637.64 
 443 4065.84 4456.53 4312.13 
 444 4162.46 4247.35 4312.13 
 193 14290.99 10206.70 14028.58 
 217 3129.63 3214.36 3169.92 
 445 3953.77 4425.08 4312.13 
 185 2512.78 3063.82 2637.64 
 446 4190.55 4381.84 4312.13 
 194 12500.83 16504.00 14290.99 
 218 3169.70 3211.57 3169.92 
 447 4103.32 4477.19 4312.13 
 448 4194.93 4317.31 4312.13 
 219 3145.58 3211.52 3169.92 
 195 13855.58 16598.38 14290.99 
 186 2693.83 2930.64 2637.64 
 449 3857.91 4352.03 4312.13 
 450 4114.73 4479.74 4312.13 
 220 3135.50 3213.23 3169.92 
 196 14239.32 16623.13 14290.99 
 451 4191.01 4370.81 4312.13 
 187 2671.75 2981.42 2693.83 
 452 4256.96 4280.64 4312.13 
 221 3126.91 3212.43 3169.92 
 197 14065.25 16597.07 14290.99 
 453 4094.31 4342.63 4312.13 
 188 2610.62 2964.44 2693.83 
 454 4066.05 4277.28 4312.13 
 222 3130.11 3210.54 3169.92 
 198 14411.04 16711.69 14290.99 
 455 4109.13 4383.18 4312.13 
 189 2627.20 2930.08 2693.83 
 456 4070.15 4279.03 4312.13 
 223 3163.79 3213.66 3169.92 
 199 13942.62 16645.42 14411.04 
 457 4361.91 4284.94 4312.13 
 190 2593.73 3133.91 2693.83 
 458 4094.53 4106.24 4361.91 
 224 3116.91 3217.83 3169.92 
 459 4063.04 4431.91 4361.91 
 460 4138.08 4154.49 4361.91 
 191 2746.72 3000.52 2693.83 
 225 3154.42 3212.18 3169.92 
 200 14379.87 16704.94 14411.04 
 461 4194.29 4116.25 4361.91 
 226 3132.66 3214.42 3169.92 
 462 4221.72 4170.97 4361.91 
 201 14309.40 16679.31 14411.04 
 192 2648.87 3021.89 2746.72 
 463 4242.60 4205.89 4361.91 
 227 3138.79 3214.36 3169.92 
 464 4117.72 4277.77 4361.91 
 202 14878.02 16681.45 14411.04 
 465 4031.26 4344.64 4361.91 
 193 2620.18 3042.69 2746.72 
 228 3174.22 3218.11 3169.92 
 466 4162.29 4454.33 4361.91 
 203 14875.91 16750.31 14878.02 
 229 3154.53 3214.34 3174.22 
 467 4047.59 4392.37 4361.91 
 194 2505.92 3146.10 2746.72 
 468 4171.81 4307.08 4361.91 
 469 4167.02 4260.24 4361.91 
 204 15224.00 16727.00 14878.02 
 230 3195.81 3219.91 3174.22 
 195 2581.78 3076.98 2746.72 
 470 4093.88 4324.10 4361.91 
 471 4230.94 4254.71 4361.91 
 205 14399.79 16745.87 15224.00 
 472 3991.51 4358.69 4361.91 
 231 3163.02 3219.76 3195.81 
 196 2491.31 3020.10 2746.72 
 473 4101.01 4421.61 4361.91 
 206 14388.04 16706.49 15224.00 
 474 4214.24 4324.50 4361.91 
 232 3145.55 3215.35 3195.81 
 475 4114.82 4589.49 4361.91 
 197 2576.71 3028.48 2746.72 
 207 15344.17 15470.08 15224.00 
 233 3177.92 3218.21 3195.81 
 476 4118.55 4396.60 4361.91 
 477 4092.48 4385.64 4361.91 
 208 12803.21 16774.68 15344.17 
 478 4305.80 4318.15 4361.91 
 234 3098.80 3215.82 3195.81 
 198 2723.83 3274.27 2746.72 
 479 4218.49 4449.64 4361.91 
 209 14984.57 16148.83 15344.17 
 235 3185.61 3221.53 3195.81 
 480 4223.96 4256.76 4361.91 
 199 2520.73 3243.96 2746.72 
 481 3981.76 4317.77 4361.91 
 210 12719.11 16719.84 15344.17 
 236 3197.45 3221.08 3195.81 
 482 4228.39 4505.38 4361.91 
 483 4271.59 4455.64 4361.91 
 237 3155.76 3219.86 3197.45 
 484 4151.69 4344.03 4361.91 
 211 14644.26 16772.87 15344.17 
 200 2798.84 3248.34 2746.72 
 485 4232.50 4293.77 4361.91 
 238 3197.88 3223.45 3197.45 
 486 4211.91 4339.84 4361.91 
 212 14350.00 16754.92 15344.17 
 201 2595.80 3240.79 2798.84 
 487 4130.36 4286.23 4361.91 
 239 3146.44 3222.48 3197.88 
 488 4275.58 4400.09 4361.91 
 213 14643.67 16822.36 15344.17 
 489 4321.98 4238.25 4361.91 
 202 2563.28 3424.38 2798.84 
 490 4245.03 4373.56 4361.91 
 214 14172.96 16763.61 15344.17 
 491 4090.97 4537.67 4361.91 
 240 3160.92 3220.36 3197.88 
 492 4304.46 4411.58 4361.91 
 215 14287.63 16858.62 15344.17 
 241 3122.58 3217.07 3197.88 
 203 2820.04 3589.00 2798.84 
 493 4057.61 4316.88 4361.91 
 494 4086.14 4259.11 4361.91 
 216 15207.18 16807.70 15344.17 
 495 4278.00 4534.10 4361.91 
 242 3117.08 3216.67 3197.88 
 204 2708.96 3435.50 2820.04 
 496 4287.52 4444.73 4361.91 
 217 13084.19 16898.08 15344.17 
 497 4180.97 4499.27 4361.91 
 243 3165.28 3216.37 3197.88 
 498 4253.64 4509.09 4361.91 
 205 2691.71 3453.79 2820.04 
 218 14670.42 16345.01 15344.17 
 499 4175.50 4512.68 4361.91 
 244 3153.47 3221.69 3197.88 
 219 14954.88 16912.16 15344.17 
 206 2711.86 3520.32 2820.04 
 245 3136.13 3225.07 3197.88 
 220 14317.99 16194.77 15344.17 
 246 3197.88 3221.56 3197.88 
 207 2841.07 3493.88 2820.04 
 221 14234.81 16945.62 15344.17 
 247 3171.21 3223.75 3197.88 
 208 2701.86 3446.48 2841.07 
 222 13338.87 16858.08 15344.17 
 248 3202.14 3226.31 3197.88 
 209 2772.13 3660.66 2841.07 
 249 3154.99 3224.98 3202.14 
 223 14924.19 16834.42 15344.17 
 250 3194.31 3221.68 3202.14 
 210 2696.35 3678.57 2841.07 
 224 14223.02 16765.29 15344.17 
 251 3171.57 3226.07 3202.14 
 225 15367.88 16800.01 15344.17 
 211 2898.67 3327.72 2841.07 
 252 3137.18 3220.09 3202.14 
 226 15197.58 16906.59 15367.88 
 253 3171.19 3222.06 3202.14 
 212 2755.20 3199.01 2898.67 
 227 15974.95 16903.59 15367.88 
 254 3156.26 3222.06 3202.14 
 213 2954.59 3479.00 2898.67 
 228 14699.50 16943.93 15974.95 
 255 3155.98 3230.16 3202.14 
 229 14250.72 16880.02 15974.95 
 256 3171.71 3228.21 3202.14 
 214 2836.01 3534.34 2954.59 
 230 15274.77 16870.85 15974.95 
 257 3197.20 3224.21 3202.14 
 215 2739.47 3465.06 2954.59 
 258 3172.34 3233.89 3202.14 
 231 15496.09 16850.53 15974.95 
 216 2918.69 3372.02 2954.59 
 259 3138.66 3229.28 3202.14 
 232 14930.44 16878.63 15974.95 
 260 3182.11 3228.05 3202.14 
 217 2847.28 3311.11 2954.59 
 233 15134.95 16796.67 15974.95 
 261 3176.23 3228.71 3202.14 
 234 15432.05 16838.21 15974.95 
 218 3086.67 3391.66 2954.59 
 262 3192.39 3230.96 3202.14 
 235 14621.13 16815.10 15974.95 
 219 2854.67 3296.82 3086.67 
 263 3158.36 3225.12 3202.14 
 236 15202.00 16842.91 15974.95 
 264 3175.42 3231.86 3202.14 
 220 3029.98 3375.83 3086.67 
 237 14708.45 16913.49 15974.95 
 265 3169.10 3118.75 3202.14 
 221 3023.80 3186.67 3086.67 
 238 14737.29 16952.08 15974.95 
 266 3168.50 3227.96 3202.14 
 239 14743.34 16934.74 15974.95 
 267 3161.10 3228.02 3202.14 
 222 2915.72 3104.97 3086.67 
 268 3194.44 3230.91 3202.14 
 223 3081.20 3491.48 3086.67 
 240 14840.21 16979.70 15974.95 
 269 3203.86 3226.91 3202.14 
 241 14549.63 16888.89 15974.95 
 224 2849.53 3374.61 3086.67 
 270 3184.24 3229.09 3203.86 
 242 15366.39 16923.80 15974.95 
 271 3172.19 3233.84 3203.86 
 225 2967.95 3538.94 3086.67 
 243 14859.26 16205.52 15974.95 
 272 3212.49 3228.72 3203.86 
 226 2887.52 3618.74 3086.67 
 244 14851.54 16909.19 15974.95 
 273 3215.49 3228.91 3212.49 
 227 3023.38 3510.06 3086.67 
 245 15088.67 16868.14 15974.95 
 274 3181.41 3233.79 3215.49 
 246 15885.53 16898.61 15974.95 
 275 3202.55 3235.07 3215.49 
 228 2995.05 3662.60 3086.67 
 276 3214.03 3233.54 3215.49 
 247 15220.31 16777.08 15974.95 
 229 3049.22 3641.31 3086.67 
 277 3193.99 3232.21 3215.49 
 248 14603.68 16842.19 15974.95 
 230 2932.56 3505.66 3086.67 
 278 3178.70 3231.46 3215.49 
 249 16054.22 16801.58 15974.95 
 279 3178.24 3231.86 3215.49 
 231 3035.50 3650.29 3086.67 
 250 15677.76 16868.58 16054.22 
 251 15535.27 16834.31 16054.22 
 280 3218.71 3230.86 3215.49 
 232 3019.56 3508.77 3086.67 
 252 15690.85 16877.23 16054.22 
 281 3149.58 3220.90 3218.71 
 233 3022.79 3682.21 3086.67 
 253 15176.32 16871.65 16054.22 
 282 3200.77 3232.18 3218.71 
 234 2949.18 3498.25 3086.67 
 283 3200.17 3234.17 3218.71 
 254 15180.10 16869.23 16054.22 
 284 3192.99 3230.38 3218.71 
 235 3012.57 3343.32 3086.67 
 255 15137.01 16927.14 16054.22 
 285 3208.10 3227.38 3218.71 
 256 15155.61 16868.48 16054.22 
 236 3196.70 3435.83 3086.67 
 286 3200.65 3231.97 3218.71 
 257 15880.85 16899.88 16054.22 
 237 3316.03 3384.63 3196.70 
 287 3214.03 3233.63 3218.71 
 258 16274.98 16956.84 16054.22 
 288 3214.93 3234.42 3218.71 
 238 3038.94 3557.13 3316.03 
 259 16089.45 16966.74 16274.98 
 289 3156.10 3234.38 3218.71 
 260 15098.84 16996.28 16274.98 
 239 3235.55 3424.59 3316.03 
 290 3186.35 3234.68 3218.71 
 261 16053.88 16952.86 16274.98 
 291 3202.23 3235.56 3218.71 
 262 15459.48 17025.11 16274.98 
 240 3091.15 3587.95 3316.03 
 292 3209.11 3238.63 3218.71 
 263 14745.47 16947.37 16274.98 
 293 3202.93 3237.96 3218.71 
 241 2958.63 3553.13 3316.03 
 264 15440.97 16987.70 16274.98 
 294 3226.30 3240.54 3218.71 
 265 15239.30 16998.28 16274.98 
 242 3066.76 3533.95 3316.03 
 295 3197.54 3241.08 3226.30 
 266 15640.52 16946.05 16274.98 
 243 3157.56 3361.75 3316.03 
 296 3201.30 3245.66 3226.30 
 267 15884.67 16978.12 16274.98 
 297 3210.30 3244.90 3226.30 
 244 3124.55 3434.17 3316.03 
 268 16029.20 17003.31 16274.98 
 298 3174.88 3241.00 3226.30 
 245 2968.02 3383.55 3316.03 
 269 15675.42 16915.29 16274.98 
 299 3225.42 3242.85 3226.30 
 270 16352.04 16849.19 16274.98 
 246 3150.53 3585.51 3316.03 
 300 3190.08 3244.02 3226.30 
 271 16054.65 16743.83 16352.04 
 301 3185.69 3245.19 3226.30 
 247 3184.28 3701.26 3316.03 
 272 15619.16 16881.94 16352.04 
 302 3205.96 3239.56 3226.30 
 248 3113.52 3690.86 3316.03 
 273 15984.09 16947.43 16352.04 
 303 3222.23 3242.68 3226.30 
 274 16120.32 17000.73 16352.04 
 304 3182.64 3243.38 3226.30 
 249 3006.21 3570.27 3316.03 
 275 15799.95 16955.94 16352.04 
 305 3227.56 3245.92 3226.30 
 250 3219.52 3693.62 3316.03 
 276 16094.60 17037.10 16352.04 
 306 3213.24 3248.35 3227.56 
 251 3178.64 3520.44 3316.03 
 277 15608.01 17037.76 16352.04 
 307 3184.67 3241.63 3227.56 
 278 15448.32 17029.49 16352.04 
 252 3212.81 3383.26 3316.03 
 308 3236.52 3243.64 3227.56 
 279 15320.50 16973.90 16352.04 
 309 3220.00 3245.95 3236.52 
 253 3191.34 3352.44 3316.03 
 310 3207.29 3246.76 3236.52 
 280 15294.37 16947.01 16352.04 
 254 3178.97 3786.66 3316.03 
 311 3236.74 3248.84 3236.52 
 281 15240.28 16929.49 16352.04 
 255 3047.41 3726.85 3316.03 
 312 3230.41 3245.44 3236.74 
 282 15695.10 16919.53 16352.04 
 313 3219.47 3248.04 3236.74 
 256 3238.08 3641.95 3316.03 
 283 15687.66 16918.36 16352.04 
 314 3207.56 3245.47 3236.74 
 284 15351.25 16972.83 16352.04 
 257 3079.71 3773.02 3316.03 
 315 3224.85 3249.25 3236.74 
 285 15902.68 16937.73 16352.04 
 316 3194.27 3248.26 3236.74 
 258 3132.35 3526.75 3316.03 
 286 15279.81 16984.11 16352.04 
 317 3201.00 3242.65 3236.74 
 259 2944.51 3659.81 3316.03 
 287 15290.30 16938.85 16352.04 
 318 3206.76 3248.28 3236.74 
 288 15760.90 16863.59 16352.04 
 260 3322.91 3804.89 3316.03 
 319 3222.88 3248.12 3236.74 
 289 15895.42 16846.50 16352.04 
 261 3223.10 3701.01 3322.91 
 290 15444.02 16796.08 16352.04 
 320 3197.34 3248.68 3236.74 
 262 3235.00 3703.32 3322.91 
 291 15772.42 16831.86 16352.04 
 321 3220.93 3251.64 3236.74 
 292 16453.29 16924.61 16352.04 
 322 3203.21 3246.60 3236.74 
 263 2863.93 3544.40 3322.91 
 293 16145.77 16881.70 16453.29 
 323 3226.47 3250.65 3236.74 
 264 3245.94 3618.38 3322.91 
 294 15894.43 16914.69 16453.29 
 324 3225.17 3253.58 3236.74 
 265 3408.73 3667.81 3322.91 
 295 15891.67 16980.51 16453.29 
 325 3225.49 3253.66 3236.74 
 296 15076.94 16932.53 16453.29 
 266 3069.58 3676.43 3408.73 
 326 3244.33 3254.85 3236.74 
 297 15836.46 16945.54 16453.29 
 327 3248.17 3256.27 3244.33 
 267 3169.13 3824.89 3408.73 
 298 15921.40 16952.95 16453.29 
 328 3223.25 3257.79 3248.17 
 268 3206.25 3859.63 3408.73 
 299 16096.66 17008.97 16453.29 
 329 3222.42 3256.32 3248.17 
 300 16157.37 16989.77 16453.29 
 269 3157.90 3726.70 3408.73 
 330 3207.45 3255.94 3248.17 
 301 15841.61 17026.83 16453.29 
 331 3201.95 3254.21 3248.17 
 270 3133.06 3803.20 3408.73 
 302 16059.94 17002.70 16453.29 
 332 3242.80 3255.70 3248.17 
 271 3303.13 3599.53 3408.73 
 303 15987.65 17102.97 16453.29 
 333 3234.90 3256.17 3248.17 
 304 16528.42 17105.39 16453.29 
 272 3276.56 3570.75 3408.73 
 334 3235.96 3243.17 3248.17 
 305 16105.70 17081.53 16528.42 
 335 3239.76 3255.66 3248.17 
 273 3424.16 3515.52 3408.73 
 306 16283.36 17139.03 16528.42 
 336 3222.96 3254.96 3248.17 
 274 3277.22 3543.19 3424.16 
 307 16358.79 17220.22 16528.42 
 337 3228.53 3253.27 3248.17 
 308 16570.46 17141.84 16528.42 
 275 3130.39 3602.44 3424.16 
 338 3203.23 3255.69 3248.17 
 309 16079.83 17104.35 16570.46 
 339 3249.55 3255.53 3248.17 
 276 3485.28 3566.24 3424.16 
 310 15503.01 17126.16 16570.46 
 340 3219.12 3255.41 3249.55 
 311 16299.36 17063.36 16570.46 
 277 3213.13 3654.72 3485.28 
 341 3227.71 3250.99 3249.55 
 312 16274.27 17006.85 16570.46 
 278 3062.45 3585.13 3485.28 
 342 3220.27 3250.11 3249.55 
 313 15579.10 17024.52 16570.46 
 343 3236.22 3249.72 3249.55 
 279 3415.31 3519.71 3485.28 
 314 16053.75 17093.71 16570.46 
 344 3214.00 3249.79 3249.55 
 315 15927.62 16383.61 16570.46 
 345 3237.28 3252.59 3249.55 
 280 3292.07 3588.58 3485.28 
 316 15312.13 17084.68 16570.46 
 346 3195.77 3254.99 3249.55 
 317 15947.86 17080.44 16570.46 
 281 3197.90 3585.78 3485.28 
 347 3231.35 3254.43 3249.55 
 318 15959.16 17060.42 16570.46 
 348 3229.10 3255.33 3249.55 
 282 3225.94 3305.91 3485.28 
 319 15972.62 17009.70 16570.46 
 349 3240.76 3254.40 3249.55 
 283 3316.92 3601.52 3485.28 
 350 3251.45 3256.54 3249.55 
 320 16484.43 17010.51 16570.46 
 284 3147.88 3722.20 3485.28 
 351 3223.03 3259.37 3251.45 
 321 15908.46 17028.57 16570.46 
 352 3221.44 3261.91 3251.45 
 285 3263.39 3695.29 3485.28 
 322 16449.51 17068.40 16570.46 
 353 3250.23 3261.74 3251.45 
 323 15032.44 17040.04 16570.46 
 286 3291.66 3661.55 3485.28 
 354 3230.13 3260.81 3251.45 
 324 16429.92 16959.48 16570.46 
 355 3224.51 3259.30 3251.45 
 287 3297.41 3665.44 3485.28 
 325 15323.80 17009.41 16570.46 
 356 3227.57 3258.83 3251.45 
 288 3435.89 3618.98 3485.28 
 326 16376.97 16987.92 16570.46 
 357 3226.54 3260.10 3251.45 
 327 15645.00 16974.60 16570.46 
 289 3337.31 3692.92 3485.28 
 358 3232.27 3259.73 3251.45 
 328 15593.63 16987.76 16570.46 
 359 3249.61 3261.00 3251.45 
 290 3289.11 3902.24 3485.28 
 329 15944.44 17067.00 16570.46 
 291 3352.04 3813.28 3485.28 
 360 3238.11 3259.49 3251.45 
 330 15333.41 17063.33 16570.46 
 361 3242.31 3262.49 3251.45 
 331 16341.53 17025.48 16570.46 
 292 3290.10 3621.71 3485.28 
 362 3232.89 3260.60 3251.45 
 332 16263.82 17061.28 16570.46 
 293 3240.93 3592.17 3485.28 
 363 3251.02 3259.97 3251.45 
 333 16644.00 17069.00 16570.46 
 364 3248.03 3260.29 3251.45 
 294 3480.56 3786.33 3485.28 
 334 16185.94 17097.18 16644.00 
 365 3232.73 3258.77 3251.45 
 335 16503.15 17073.90 16644.00 
 295 3353.87 3716.54 3485.28 
 366 3229.69 3259.56 3251.45 
 336 16659.27 17031.69 16644.00 
 296 3412.10 3812.22 3485.28 
 367 3234.70 3261.58 3251.45 
 337 16498.76 17060.07 16659.27 
 368 3224.48 3260.86 3251.45 
 297 3395.31 3962.55 3485.28 
 338 16160.00 17068.66 16659.27 
 369 3254.02 3266.46 3251.45 
 339 16251.45 17096.80 16659.27 
 298 3392.47 3939.66 3485.28 
 370 3230.75 3264.03 3254.02 
 340 16388.81 17071.90 16659.27 
 299 3356.72 4035.20 3485.28 
 371 3227.34 3264.58 3254.02 
 341 16442.90 17068.35 16659.27 
 372 3222.52 3262.97 3254.02 
 300 3357.47 4110.02 3485.28 
 342 16502.67 17087.29 16659.27 
 373 3257.33 3264.27 3254.02 
 343 16070.79 17043.67 16659.27 
 301 3531.28 3832.70 3485.28 
 374 3229.98 3263.85 3257.33 
 344 16137.57 17017.39 16659.27 
 302 3279.26 3841.51 3531.28 
 375 3199.15 3261.73 3257.33 
 345 16317.97 17045.14 16659.27 
 376 3229.29 3154.70 3257.33 
 303 3473.84 4105.15 3531.28 
 346 16035.42 17067.34 16659.27 
 377 3244.70 3267.59 3257.33 
 347 16121.02 17105.11 16659.27 
 304 3440.35 4038.57 3531.28 
 378 3230.37 3264.96 3257.33 
 348 16508.25 17092.95 16659.27 
 305 3324.01 4022.09 3531.28 
 379 3222.56 3262.70 3257.33 
 349 16465.13 17110.88 16659.27 
 380 3236.44 3266.89 3257.33 
 306 3385.64 3917.07 3531.28 
 350 16636.46 17159.44 16659.27 
 381 3212.92 3201.37 3257.33 
 351 15808.28 17134.35 16659.27 
 307 3376.89 4050.83 3531.28 
 382 3192.18 3267.15 3257.33 
 352 16619.83 17239.91 16659.27 
 383 3174.13 3265.78 3257.33 
 308 3287.16 3913.71 3531.28 
 353 16578.82 17189.62 16659.27 
 384 3231.62 3264.83 3257.33 
 309 3389.38 4001.99 3531.28 
 354 16781.31 17260.24 16659.27 
 385 3209.19 3264.67 3257.33 
 355 16559.49 17280.72 16781.31 
 386 3198.49 3265.58 3257.33 
 310 3258.78 3923.43 3531.28 
 356 16275.93 17263.52 16781.31 
 387 3187.38 3263.65 3257.33 
 311 3589.88 4017.88 3531.28 
 357 16566.14 17258.07 16781.31 
 388 3206.99 3201.17 3257.33 
 358 17065.07 17313.97 16781.31 
 312 3466.84 4016.05 3589.88 
 389 3216.51 3267.93 3257.33 
 359 16779.54 17260.09 17065.07 
 313 3452.34 4128.97 3589.88 
 390 3197.47 3263.85 3257.33 
 391 3199.72 3267.58 3257.33 
 360 16471.45 17311.67 17065.07 
 314 3458.32 4064.78 3589.88 
 392 3164.80 3269.11 3257.33 
 361 16810.08 17204.32 17065.07 
 315 3306.88 4121.29 3589.88 
 393 3150.85 3269.25 3257.33 
 362 16223.16 17295.84 17065.07 
 394 3215.75 3271.61 3257.33 
 316 3497.83 4061.59 3589.88 
 363 16765.72 17248.31 17065.07 
 395 3196.65 3273.72 3257.33 
 364 16597.26 17228.32 17065.07 
 317 3443.80 4065.20 3589.88 
 396 3180.36 3268.93 3257.33 
 365 16706.75 17240.21 17065.07 
 318 3594.26 4003.76 3589.88 
 397 3253.14 3267.64 3257.33 
 366 16301.51 17230.04 17065.07 
 398 3209.75 3270.70 3257.33 
 319 3453.84 3971.18 3594.26 
 367 16912.40 17275.57 17065.07 
 399 3214.65 3268.33 3257.33 
 368 16713.54 17341.30 17065.07 
 369 16722.20 17299.67 17065.07 
 320 3474.42 4019.10 3594.26 
 400 3209.77 3268.84 3257.33 
 370 16407.82 17257.43 17065.07 
 401 3254.28 3267.74 3257.33 
 321 3292.79 4050.51 3594.26 
 371 16411.27 17293.21 17065.07 
 402 3225.69 3268.82 3257.33 
 322 3604.76 3938.53 3594.26 
 372 16993.29 17241.00 17065.07 
 403 3179.81 3267.97 3257.33 
 373 16766.93 17272.82 17065.07 
 323 3516.13 3980.51 3604.76 
 404 3219.15 3268.77 3257.33 
 374 16765.93 17196.51 17065.07 
 405 3226.03 3268.97 3257.33 
 324 3498.16 4027.99 3604.76 
 375 16862.44 17324.51 17065.07 
 406 3196.90 3267.48 3257.33 
 325 3461.88 4107.99 3604.76 
 376 16908.21 17309.08 17065.07 
 407 3232.77 3266.49 3257.33 
 377 16231.41 17324.40 17065.07 
 326 3566.01 4042.54 3604.76 
 408 3242.70 3268.31 3257.33 
 378 16276.39 17281.29 17065.07 
 409 3245.38 3267.87 3257.33 
 327 3625.75 3999.27 3604.76 
 379 16668.41 17352.07 17065.07 
 410 3219.36 3267.84 3257.33 
 328 3563.53 4112.03 3625.75 
 380 16947.18 17394.40 17065.07 
 411 3216.29 3268.52 3257.33 
 381 16857.76 17385.66 17065.07 
 329 3512.88 3940.63 3625.75 
 412 3245.35 3266.98 3257.33 
 382 16677.41 17418.59 17065.07 
 413 3240.99 3271.33 3257.33 
 330 3601.67 4073.67 3625.75 
 383 17084.51 17454.34 17065.07 
 414 3229.69 3269.20 3257.33 
 331 3496.24 4149.32 3625.75 
 384 16258.53 17387.21 17084.51 
 415 3252.26 3266.68 3257.33 
 385 17309.98 17427.96 17084.51 
 332 3526.11 4125.67 3625.75 
 416 3262.50 3271.89 3257.33 
 386 16982.68 17434.93 17309.98 
 417 3232.71 3273.52 3262.50 
 333 3666.66 4053.79 3625.75 
 387 16479.71 17439.13 17309.98 
 418 3257.06 3272.19 3262.50 
 334 3636.49 4127.93 3666.66 
 388 16760.31 17494.87 17309.98 
 419 3228.16 3275.19 3262.50 
 389 17148.70 17494.58 17309.98 
 335 3693.78 4007.35 3666.66 
 420 3252.72 3277.63 3262.50 
 390 16457.43 17450.81 17309.98 
 421 3257.17 3170.04 3262.50 
 336 3621.47 3993.53 3693.78 
 391 16385.33 17472.82 17309.98 
 422 3262.94 3277.49 3262.50 
 337 3442.80 3985.73 3693.78 
 392 16200.37 17422.09 17309.98 
 423 3266.67 3276.36 3262.94 
 393 16371.45 17469.32 17309.98 
 424 3245.55 3279.27 3266.67 
 338 3637.75 3997.14 3693.78 
 394 16657.24 17385.86 17309.98 
 425 3258.76 3281.20 3266.67 
 339 3680.93 3877.94 3693.78 
 395 16860.42 17422.04 17309.98 
 426 3186.86 3278.69 3266.67 
 396 16912.06 17484.92 17309.98 
 340 3627.29 3973.93 3693.78 
 427 3242.90 3278.46 3266.67 
 397 16812.76 17481.11 17309.98 
 428 3210.85 3279.18 3266.67 
 341 3676.74 4005.20 3693.78 
 398 16558.75 17547.02 17309.98 
 429 3249.38 3277.36 3266.67 
 342 3571.87 3805.57 3693.78 
 399 16752.03 17437.17 17309.98 
 430 3236.31 3276.75 3266.67 
 431 3250.40 3277.37 3266.67 
 343 3731.68 3902.92 3693.78 
 400 16335.30 17468.84 17309.98 
 432 3271.29 3283.84 3266.67 
 344 3459.28 3961.07 3731.68 
 401 17116.30 17478.78 17309.98 
 433 3243.37 3287.19 3271.29 
 402 16767.82 17457.33 17309.98 
 345 3540.51 3874.50 3731.68 
 434 3249.38 3288.13 3271.29 
 403 17231.17 17409.14 17309.98 
 435 3213.33 3284.53 3271.29 
 346 3647.04 4124.54 3731.68 
 404 16569.57 17409.98 17309.98 
 436 3270.83 3288.97 3271.29 
 347 3601.08 4075.99 3731.68 
 405 16643.43 17382.24 17309.98 
 437 3263.71 3286.63 3271.29 
 406 17177.96 17429.06 17309.98 
 348 3451.02 4020.83 3731.68 
 438 3230.79 3288.73 3271.29 
 407 16780.39 17438.00 17309.98 
 439 3234.63 3283.08 3271.29 
 349 3789.61 3960.43 3731.68 
 408 16932.21 17466.30 17309.98 
 409 16713.40 17393.97 17309.98 
 440 3206.58 3282.86 3271.29 
 350 3599.74 4055.98 3789.61 
 410 16662.60 17415.14 17309.98 
 441 3263.28 3289.57 3271.29 
 351 3769.04 3837.99 3789.61 
 411 16901.39 17377.70 17309.98 
 442 3242.26 3287.41 3271.29 
 352 3745.43 4037.38 3789.61 
 412 16931.07 17409.37 17309.98 
 443 3236.29 3287.87 3271.29 
 413 16602.44 17404.66 17309.98 
 444 3264.80 3284.24 3271.29 
 353 3721.14 4086.12 3789.61 
 414 16892.09 17422.47 17309.98 
 445 3207.95 3286.97 3271.29 
 354 3709.86 3973.01 3789.61 
 415 16897.78 17373.35 17309.98 
 446 3256.07 3287.23 3271.29 
 416 16770.78 17396.54 17309.98 
 355 3780.02 4142.05 3789.61 
 447 3264.77 3285.81 3271.29 
 417 16920.63 17336.27 17309.98 
 448 3266.36 3286.99 3271.29 
 356 3622.90 3945.50 3789.61 
 418 17199.11 17291.03 17309.98 
 449 3228.93 3286.83 3271.29 
 357 3775.58 4070.97 3789.61 
 419 16916.72 17345.34 17309.98 
 450 3250.65 3290.02 3271.29 
 420 16599.80 17353.50 17309.98 
 358 3844.59 4211.73 3789.61 
 451 3251.14 3288.77 3271.29 
 421 16200.36 17357.49 17309.98 
 452 3242.24 3286.09 3271.29 
 359 3654.38 4241.24 3844.59 
 422 17199.94 17364.65 17309.98 
 453 3237.72 3280.40 3271.29 
 423 17001.30 17427.14 17309.98 
 454 3264.37 3289.23 3271.29 
 360 3797.82 4238.30 3844.59 
 424 16640.47 17435.48 17309.98 
 455 3278.24 3291.42 3271.29 
 361 3838.85 4238.91 3844.59 
 425 17181.61 17441.09 17309.98 
 456 3272.96 3292.57 3278.24 
 426 16984.54 17456.02 17309.98 
 457 3258.66 3291.38 3278.24 
 362 3821.40 4187.34 3844.59 
 427 16940.83 17403.63 17309.98 
 458 3264.49 3252.83 3278.24 
 363 3884.51 4173.52 3844.59 
 428 17210.25 17417.19 17309.98 
 459 3248.93 3293.10 3278.24 
 364 3760.20 4147.50 3884.51 
 429 16534.83 17303.88 17309.98 
 460 3236.85 3293.83 3278.24 
 430 16847.89 17307.67 17309.98 
 461 3218.39 3291.93 3278.24 
 365 3778.37 4240.42 3884.51 
 431 16774.10 17290.34 17309.98 
 462 3249.27 3274.46 3278.24 
 366 3743.72 4196.79 3884.51 
 432 16681.19 17282.79 17309.98 
 463 3255.72 3289.42 3278.24 
 433 16963.00 17345.63 17309.98 
 367 3764.87 4202.44 3884.51 
 464 3248.12 3291.37 3278.24 
 434 17214.57 17408.22 17309.98 
 465 3273.74 3293.83 3278.24 
 368 3935.53 4297.22 3884.51 
 435 17088.57 17404.90 17309.98 
 466 3243.11 3292.08 3278.24 
 369 3856.17 4260.84 3935.53 
 436 17029.97 17391.60 17309.98 
 467 3262.16 3291.13 3278.24 
 437 16997.16 17338.56 17309.98 
 370 3833.68 4265.81 3935.53 
 468 3244.92 3294.66 3278.24 
 438 16808.32 17260.43 17309.98 
 469 3245.91 3295.10 3278.24 
 371 3862.48 4333.08 3935.53 
 439 17027.96 17329.12 17309.98 
 470 3247.06 3290.15 3278.24 
 372 3955.55 4303.41 3935.53 
 471 3237.22 3292.59 3278.24 
 440 16947.08 17339.24 17309.98 
 373 3876.82 4308.29 3955.55 
 472 3241.33 3292.55 3278.24 
 441 16673.64 17424.11 17309.98 
 473 3258.35 3287.58 3278.24 
 374 3873.89 4322.78 3955.55 
 442 16470.61 17338.10 17309.98 
 474 3253.25 3290.88 3278.24 
 443 16818.66 17316.30 17309.98 
 375 3812.78 4336.17 3955.55 
 475 3226.00 3270.83 3278.24 
 444 16162.61 17238.23 17309.98 
 476 3274.47 3290.88 3278.24 
 376 3834.79 4245.30 3955.55 
 445 16315.01 17192.97 17309.98 
 477 3243.59 3288.92 3278.24 
 377 3715.38 4352.54 3955.55 
 446 16900.29 17233.02 17309.98 
 478 3274.65 3294.00 3278.24 
 447 16945.44 17264.87 17309.98 
 378 3862.24 4285.50 3955.55 
 479 3224.80 3292.20 3278.24 
 448 17113.34 17258.91 17309.98 
 379 3641.89 4291.26 3955.55 
 449 16854.38 17302.90 17309.98 
 480 3266.04 3293.53 3278.24 
 380 3831.79 4328.03 3955.55 
 450 17029.10 17337.89 17309.98 
 481 3246.40 3291.09 3278.24 
 451 17099.73 17389.43 17309.98 
 381 3908.95 4236.53 3955.55 
 482 3273.39 3290.93 3278.24 
 452 17038.71 17381.77 17309.98 
 483 3248.45 3293.06 3278.24 
 382 3935.33 4191.06 3955.55 
 453 17199.07 17400.92 17309.98 
 484 3233.30 3290.58 3278.24 
 383 3810.38 4279.32 3955.55 
 454 17246.69 17445.70 17309.98 
 485 3232.84 3288.01 3278.24 
 455 17235.82 17458.88 17309.98 
 384 3942.91 4258.38 3955.55 
 486 3243.29 3294.32 3278.24 
 456 16880.81 17393.26 17309.98 
 487 3241.09 3294.74 3278.24 
 385 3820.65 4342.41 3955.55 
 457 16421.73 17411.16 17309.98 
 488 3281.79 3295.41 3278.24 
 386 3845.79 4143.65 3955.55 
 458 17206.81 17442.96 17309.98 
 489 3242.95 3292.59 3281.79 
 387 3929.74 4231.31 3955.55 
 459 16782.10 17409.83 17309.98 
 490 3252.77 3297.31 3281.79 
 460 17155.05 17440.73 17309.98 
 491 3284.60 3301.04 3281.79 
 388 3907.00 4306.38 3955.55 
 461 16362.14 17459.03 17309.98 
 492 3261.14 3301.52 3284.60 
 389 3868.49 4309.95 3955.55 
 462 16927.55 17459.34 17309.98 
 493 3226.99 3301.33 3284.60 
 390 3911.63 4293.93 3955.55 
 463 16869.09 17434.62 17309.98 
 494 3251.34 3300.18 3284.60 
 464 17227.18 17498.67 17309.98 
 391 3776.48 4305.42 3955.55 
 495 3281.30 3298.62 3284.60 
 465 16890.51 17475.53 17309.98 
 496 3215.56 3292.32 3284.60 
 392 3831.69 4343.57 3955.55 
 466 17208.98 17488.62 17309.98 
 497 3263.54 3277.52 3284.60 
 393 3902.62 4401.71 3955.55 
 467 17105.48 17497.01 17309.98 
 498 3230.02 3297.61 3284.60 
 468 17199.67 17514.38 17309.98 
 394 3903.41 4434.78 3955.55 
 499 3238.92 3297.64 3284.60 
 469 17218.42 17552.40 17309.98 
 395 3901.73 4461.43 3955.55 
 470 17072.29 17501.40 17309.98 
 396 3927.25 4374.19 3955.55 
 471 16777.15 17529.64 17309.98 
 397 3974.78 4314.69 3955.55 
 472 16878.66 17577.34 17309.98 
 473 16894.92 17581.13 17309.98 
 398 3921.77 4345.38 3974.78 
 474 16482.81 17536.07 17309.98 
 399 3782.73 4204.60 3974.78 
 475 17260.46 17575.39 17309.98 
 476 17130.77 17548.03 17309.98 
 400 3829.23 4128.11 3974.78 
 477 16805.48 17531.49 17309.98 
 401 3964.62 4245.45 3974.78 
 478 16909.49 17518.43 17309.98 
 402 4038.28 4295.43 3974.78 
 479 17000.43 17534.21 17309.98 
 403 4034.39 4372.08 4038.28 
 480 17256.55 17513.58 17309.98 
 404 4074.36 4437.97 4038.28 
 481 17048.64 17523.03 17309.98 
 482 16015.97 17498.62 17309.98 
 405 3957.38 4437.04 4074.36 
 483 17059.55 17461.07 17309.98 
 406 3971.30 4442.80 4074.36 
 484 16493.49 17481.32 17309.98 
 407 3946.07 4429.02 4074.36 
 485 16891.49 17402.01 17309.98 
 486 17095.55 17463.63 17309.98 
 408 3856.75 4269.59 4074.36 
 487 16976.73 17442.76 17309.98 
 409 3909.54 4206.31 4074.36 
 488 16979.55 17489.98 17309.98 
 410 3829.03 4251.07 4074.36 
 489 17184.39 17457.88 17309.98 
 411 4087.23 4253.90 4074.36 
 490 16454.42 17495.21 17309.98 
 491 17140.83 17543.28 17309.98 
 412 3779.90 4237.47 4087.23 
 492 16916.81 17490.06 17309.98 
 413 3665.63 4242.77 4087.23 
 493 17220.63 17500.31 17309.98 
 414 3950.62 4349.93 4087.23 
 494 17394.08 17508.89 17309.98 
 495 17067.31 17483.24 17394.08 
 415 4000.73 4267.70 4087.23 
 496 17239.00 17527.59 17394.08 
 416 3946.38 4239.10 4087.23 
 497 17153.65 17557.99 17394.08 
 417 3937.48 4347.55 4087.23 
 498 17027.60 17576.09 17394.08 
 418 3938.86 4249.55 4087.23 
 499 16928.04 17569.94 17394.08 
 419 4010.98 4255.95 4087.23 
 420 4057.10 4380.33 4087.23 
 421 4025.75 4227.37 4087.23 
 422 3925.24 4309.09 4087.23 
 423 3946.79 4178.11 4087.23 
 424 3958.52 4241.64 4087.23 
 425 4029.69 4386.37 4087.23 
 426 4026.48 4323.62 4087.23 
 427 3928.32 4460.47 4087.23 
 428 3989.17 4398.98 4087.23 
 429 4035.43 4369.39 4087.23 
 430 3872.00 4313.31 4087.23 
 431 3874.06 4276.41 4087.23 
 432 4025.45 4340.36 4087.23 
 433 3991.67 4266.57 4087.23 
 434 4025.09 4305.03 4087.23 
 435 4101.99 4424.81 4087.23 
 436 4073.84 4417.54 4101.99 
 437 3848.63 4377.84 4101.99 
 438 3966.01 4419.93 4101.99 
 439 3925.44 4417.85 4101.99 
 440 3953.84 4394.55 4101.99 
 441 4080.88 4441.95 4101.99 
 442 3891.91 4448.75 4101.99 
 443 3871.16 4358.71 4101.99 
 444 3907.22 4289.97 4101.99 
 445 3739.41 4220.36 4101.99 
 446 3765.62 4243.31 4101.99 
 447 3969.90 4074.63 4101.99 
 448 3715.67 4124.89 4101.99 
 449 3924.98 4388.18 4101.99 
 450 4002.23 4315.37 4101.99 
 451 3923.60 4395.21 4101.99 
 452 4071.40 4356.24 4101.99 
 453 3948.56 4246.02 4101.99 
 454 4011.63 4298.64 4101.99 
 455 4028.96 4154.37 4101.99 
 456 3938.66 4269.21 4101.99 
 457 3812.19 4321.96 4101.99 
 458 3933.66 4361.20 4101.99 
 459 4044.56 4318.93 4101.99 
 460 3975.24 4338.93 4101.99 
 461 4082.27 4389.17 4101.99 
 462 3980.42 4374.02 4101.99 
 463 3983.43 4368.58 4101.99 
 464 3914.52 4301.22 4101.99 
 465 4040.14 4382.69 4101.99 
 466 3925.51 4334.79 4101.99 
 467 3990.27 4372.58 4101.99 
 468 4112.12 4417.61 4101.99 
 469 4074.51 4446.77 4112.12 
 470 4074.43 4418.39 4112.12 
 471 4049.41 4313.71 4112.12 
 472 3920.21 4471.83 4112.12 
 473 4075.50 4440.35 4112.12 
 474 4222.36 4439.69 4112.12 
 475 4098.37 4504.35 4222.36 
 476 4065.57 4521.74 4222.36 
 477 3993.89 4483.94 4222.36 
 478 4019.02 4478.11 4222.36 
 479 4177.79 4517.08 4222.36 
 480 4193.61 4519.63 4222.36 
 481 4129.63 4517.64 4222.36 
 482 4143.25 4518.34 4222.36 
 483 4118.16 4545.70 4222.36 
 484 3977.31 4516.80 4222.36 
 485 4135.23 4524.65 4222.36 
 486 3981.48 4546.57 4222.36 
 487 4212.04 4557.45 4222.36 
 488 4212.54 4527.91 4222.36 
 489 4031.35 4542.60 4222.36 
 490 3987.27 4538.97 4222.36 
 491 3970.46 4460.41 4222.36 
 492 4144.88 4525.49 4222.36 
 493 4049.36 4457.95 4222.36 
 494 4082.52 4494.55 4222.36 
 495 4201.27 4486.01 4222.36 
 496 4050.91 4486.84 4222.36 
 497 4205.39 4371.23 4222.36 
 498 4082.68 4418.52 4222.36 
 499 3993.56 4385.10 4222.36 
