Iter | Sampling Pol | Evaluation Pol | Best (Sampled) 
   0 -2.28 -4.63 -100000000.00 
   1 -3.57 -3.60 -2.28 
   2 -1.20 -3.98 -2.28 
   3 -1.35  1.71 -1.20 
   4 -0.31  0.96 -1.20 
   5  2.01  0.74 -0.31 
   6 -0.48  5.17  2.01 
   7  1.37  3.45  2.01 
   8 -0.52  4.48  2.01 
   9 -0.23 13.30  2.01 
  10 12.14  5.22  2.01 
  11  5.54  1.94 12.14 
  12  5.78  0.15 12.14 
  13  0.96  1.26 12.14 
  14  8.41  1.46 12.14 
  15  3.44 16.96 12.14 
  16  6.06 14.96 12.14 
  17  4.82 86.13 12.14 
  18 13.08 15.62 12.14 
  19 13.74 15.81 13.08 
  20 12.23 33.15 13.74 
  21 11.79 71.89 13.74 
  22 12.93 42.45 13.74 
  23 22.00 21.38 13.74 
