Iter | Sampling Pol | Evaluation Pol | Best (Sampled) 
   0 -6.57 -3.64 -100000000.00 
   1 -7.36 -3.57 -6.57 
   2 -6.19 -4.20 -6.57 
   3 -7.68 -3.51 -6.19 
   4 -6.70 -3.39 -6.19 
   5 -7.06 -3.45 -6.19 
   6 -8.35 -3.66 -6.19 
   7 -7.44 -3.83 -6.19 
   8 -9.14 -4.05 -6.19 
   9 -6.78 -4.20 -6.19 
  10 -7.57 -3.33 -6.19 
  11 -7.03 -5.09 -6.19 
  12 -7.08 -3.81 -6.19 
  13 -6.25 -4.28 -6.19 
  14 -7.66 -5.18 -6.19 
  15 -7.38 -4.79 -6.19 
  16 -6.23 -4.75 -6.19 
  17 -6.35 -3.38 -6.19 
  18 -8.04 -4.04 -6.19 
  19 -7.45 -3.65 -6.19 
  20 -7.23 -3.28 -6.19 
  21 -5.66 -3.47 -6.19 
  22 -7.61 -3.29 -5.66 
  23 -6.98 -3.42 -5.66 
  24 -7.78 -4.11 -5.66 
  25 -5.77 -4.35 -5.66 
  26 -6.97 -3.31 -5.66 
  27 -7.39 -3.44 -5.66 
  28 -6.82 -3.62 -5.66 
  29 -6.54 -5.17 -5.66 
  30 -6.51 -3.95 -5.66 
  31 -9.31 -3.96 -5.66 
  32 -7.99 -4.24 -5.66 
  33 -5.77 -3.62 -5.66 
  34 -7.42 -4.10 -5.66 
  35 -6.46 -4.54 -5.66 
  36 -6.62 -3.42 -5.66 
  37 -8.20 -1.83 -5.66 
  38 -4.71 -3.17 -5.66 
  39 -5.26 -2.70 -4.71 
  40 -6.85 -2.56 -4.71 
  41 -6.73 -2.49 -4.71 
  42 -6.55 -2.31 -4.71 
  43 -5.07 -2.40 -4.71 
  44 -4.56 -1.30 -4.71 
  45 -6.31 -2.21 -4.56 
  46 -5.17 -1.69 -4.56 
  47 -4.94 -2.06 -4.56 
  48 -5.99 -1.78 -4.56 
  49 -4.59 -2.08 -4.56 
  50 -5.35 -2.44 -4.56 
  51 -4.54 -2.06 -4.56 
  52 -6.70 -2.18 -4.54 
  53 -6.29 -1.86 -4.54 
  54 -4.37 -2.17 -4.54 
  55 -5.21 -1.63 -4.37 
  56 -5.62 -1.89 -4.37 
  57 -5.42 -2.17 -4.37 
  58 -5.61 -2.21 -4.37 
  59 -5.48 -2.06 -4.37 
  60 -4.56 -2.45 -4.37 
  61 -6.10 -2.08 -4.37 
  62 -5.63 -2.07 -4.37 
  63 -7.91 -2.42 -4.37 
  64 -5.87 -1.54 -4.37 
  65 -5.51 -2.09 -4.37 
  66 -5.81 -1.22 -4.37 
  67 -6.01 -1.42 -4.37 
  68 -5.71 -0.30 -4.37 
  69 -5.53 -0.05 -4.37 
  70 -4.11 -0.27 -4.37 
  71 -4.60 -0.98 -4.11 
  72 -5.16 -0.58 -4.11 
  73 -6.57 -1.20 -4.11 
  74 -4.89 -1.86 -4.11 
  75 -4.33 -2.07 -4.11 
  76 -4.86 -1.74 -4.11 
  77 -5.23 -2.31 -4.11 
  78 -4.92 -2.26 -4.11 
  79 -3.41 -2.44 -4.11 
  80 -3.71 -2.41 -3.41 
  81 -6.06 -2.69 -3.41 
  82 -4.79 -1.94 -3.41 
  83 -4.08 -2.54 -3.41 
  84 -8.51 -2.23 -3.41 
  85 -4.80 -2.42 -3.41 
  86 -4.76 -2.41 -3.41 
  87 -3.96 -2.45 -3.41 
  88 -3.44 -2.20 -3.41 
  89 -0.98 -2.58 -3.41 
  90 -4.69 -2.55 -0.98 
  91 -3.29 -2.86 -0.98 
  92 -1.50 -2.78 -0.98 
  93 -4.59 -3.05 -0.98 
  94 -3.02 -3.41 -0.98 
  95 -3.67 -3.72 -0.98 
  96 -3.58 -3.26 -0.98 
  97 -2.79 -2.92 -0.98 
  98 -2.53 -2.48 -0.98 
  99 -3.15 -2.03 -0.98 
  76 -5.57 -2.15 -100000000.00 
  77 -6.04 -0.87 -5.57 
  78 -2.83 -1.25 -5.57 
  79 -3.79 -1.41 -2.83 
  80 -4.84 -1.93 -2.83 
  81 -5.95 -1.90 -2.83 
  82 -3.74 -2.45 -2.83 
  83 -4.31 -2.43 -2.83 
  84 -4.55 -2.83 -2.83 
  85 -3.62 -2.68 -2.83 
  86 -4.67 -2.61 -2.83 
  87 -4.93 -2.41 -2.83 
  88 -4.72 -2.71 -2.83 
  89 -5.13 -2.24 -2.83 
  90 -4.72 -2.74 -2.83 
  91 -4.11 -3.17 -2.83 
  92 -4.74 -1.39 -2.83 
  93 -5.59 -2.50 -2.83 
  94 -3.97 -2.37 -2.83 
  95 -5.32 -2.07 -2.83 
  96 -5.08 -2.80 -2.83 
  97 -4.31 -2.66 -2.83 
  98 -3.90 -2.36 -2.83 
  99 -4.17 -2.59 -2.83 
 100 -4.02 -1.89 -2.83 
 101 -3.99 -1.66 -2.83 
 102 -5.59 -2.41 -2.83 
 103 -3.10 -1.88 -2.83 
 104 -6.95 -1.95 -2.83 
 105 -4.72 -1.68 -2.83 
 106 -6.56 -2.31 -2.83 
 107 -4.18 -2.33 -2.83 
 108 -4.78 -2.69 -2.83 
 109 -2.71 -2.90 -2.83 
 110 -3.49 -2.68 -2.71 
 111 -1.72 -2.11 -2.71 
 112 -4.43 -2.33 -1.72 
 113 -2.90 -2.42 -1.72 
 114 -2.93 -2.23 -1.72 
 115 -3.81 -2.43 -1.72 
 116 -4.04 -2.52 -1.72 
 117 -4.86 -2.52 -1.72 
 118 -3.37 -2.48 -1.72 
 119 -5.22 -2.23 -1.72 
 120 -5.43 -1.80 -1.72 
 121 -1.99 -1.47 -1.72 
 122 -2.43 -1.82 -1.72 
 123 -2.49 -2.14 -1.72 
 124 -2.37 -1.98 -1.72 
 125 -3.41 -1.65 -1.72 
 126 -2.56 -2.15 -1.72 
 127 -4.64 -2.38 -1.72 
 128 -2.41 -2.43 -1.72 
 129 -3.86 -2.43 -1.72 
 130 -5.02 -2.47 -1.72 
 131 -1.18 -2.33 -1.72 
 132 -2.53 -1.59 -1.18 
 133 -2.56 -1.57 -1.18 
 134 -3.18 -1.15 -1.18 
 135 -4.27 -0.99 -1.18 
 136 -2.54 -1.46 -1.18 
 137 -3.15 -1.18 -1.18 
 138 -3.38 -1.26 -1.18 
 139 -3.35 -1.96 -1.18 
 140 -4.12 -1.27 -1.18 
 141 -2.96 -1.57 -1.18 
 142 -2.10 -2.06 -1.18 
 143 -2.51 -0.98 -1.18 
 144 -2.67 -0.89 -1.18 
 145 -4.99 -0.39 -1.18 
 146 -2.57 -0.09 -1.18 
 147 -1.28 -0.24 -1.18 
 148 -3.39 -0.38 -1.18 
 149 -0.69  0.51 -1.18 
 150 -3.42  0.43 -0.69 
 151 -2.58  0.14 -0.69 
 152 -0.78  0.43 -0.69 
 153 -2.95 -1.21 -0.69 
 154 -2.15 -0.20 -0.69 
 155 -1.48 -0.15 -0.69 
 156 -1.90 -1.20 -0.69 
 157 -1.78 -1.36 -0.69 
 158 -1.26 -1.35 -0.69 
 159 -2.34 -1.06 -0.69 
 160 -4.11 -1.34 -0.69 
 161 -2.68 -1.46 -0.69 
 162 -2.26 -1.44 -0.69 
 163 -4.45 -1.15 -0.69 
 164 -2.06 -1.72 -0.69 
 165 -2.48 -2.09 -0.69 
 166 -0.89 -1.95 -0.69 
 167 -0.89 -2.03 -0.69 
 168  0.13 -0.60 -0.69 
 169 -0.31  0.44  0.13 
 170 -0.59 -0.12  0.13 
 171 -1.91  1.03  0.13 
 172 -1.91  0.07  0.13 
 173 -3.94  0.53  0.13 
 174 -2.39  0.62  0.13 
 175 -0.15  0.86  0.13 
 176 -3.47  0.62  0.13 
 177 -0.08  1.73  0.13 
 178  0.72  1.26  0.13 
 179 -1.01  2.42  0.72 
 180 -2.25  3.38  0.72 
 181 -2.47  3.15  0.72 
 182 -1.97  2.00  0.72 
 183 -3.29  2.08  0.72 
 184 -2.49  0.05  0.72 
 185 -0.93  0.47  0.72 
 186 -1.91 -0.44  0.72 
 187  0.26 -1.55  0.72 
 188 -3.10 -2.08  0.72 
 189 -3.51 -0.45  0.72 
 190 -1.39 -0.98  0.72 
 191 -1.39 -3.30  0.72 
 192 -2.31 -2.53  0.72 
 193 -1.78 -2.15  0.72 
 194 -2.00 -0.92  0.72 
 195  0.40 -0.92  0.72 
 196 -2.74 -0.08  0.72 
 197 -3.25 -0.72  0.72 
 198 -0.45 -0.40  0.72 
 199 -3.32 -0.62  0.72 
